1.000000e+00 0.000000e+00 0.000000e+00 0.000000e+00 0.000000e+00 1.000000e+00 0.000000e+00 0.000000e+00 0.000000e+00 0.000000e+00 1.000000e+00 -0.000000e+00 
1.000000e+00 0.000000e+00 0.000000e+00 0.000000e+00 0.000000e+00 1.000000e+00 0.000000e+00 0.000000e+00 0.000000e+00 0.000000e+00 1.000000e+00 -0.000000e+00 
1.000000e+00 0.000000e+00 0.000000e+00 0.000000e+00 0.000000e+00 1.000000e+00 0.000000e+00 0.000000e+00 0.000000e+00 0.000000e+00 1.000000e+00 -0.000000e+00 
9.998066e-01 -1.908920e-02 -4.731419e-03 1.059500e-02 1.910250e-02 9.998137e-01 2.780574e-03 1.046676e-02 4.677459e-03 -2.870418e-03 9.999849e-01 2.080015e+00 
9.998066e-01 -1.908920e-02 -4.731419e-03 1.059500e-02 1.910250e-02 9.998137e-01 2.780574e-03 1.046676e-02 4.677459e-03 -2.870418e-03 9.999849e-01 2.080015e+00 
9.998066e-01 -1.908920e-02 -4.731419e-03 1.059500e-02 1.910250e-02 9.998137e-01 2.780574e-03 1.046676e-02 4.677459e-03 -2.870418e-03 9.999849e-01 2.080015e+00 
9.998066e-01 -1.908920e-02 -4.731419e-03 1.059500e-02 1.910250e-02 9.998137e-01 2.780574e-03 1.046676e-02 4.677459e-03 -2.870418e-03 9.999849e-01 2.080015e+00 
9.993660e-01 -3.555868e-02 -1.765634e-03 -1.182472e-01 3.556758e-02 9.993533e-01 5.291953e-03 -4.283860e-02 1.576317e-03 -5.351397e-03 9.999844e-01 6.025118e+00 
9.993660e-01 -3.555868e-02 -1.765634e-03 -1.182472e-01 3.556758e-02 9.993533e-01 5.291953e-03 -4.283860e-02 1.576317e-03 -5.351397e-03 9.999844e-01 6.025118e+00 
9.993660e-01 -3.555868e-02 -1.765634e-03 -1.182472e-01 3.556758e-02 9.993533e-01 5.291953e-03 -4.283860e-02 1.576317e-03 -5.351397e-03 9.999844e-01 6.025118e+00 
9.993660e-01 -3.555868e-02 -1.765634e-03 -1.182472e-01 3.556758e-02 9.993533e-01 5.291953e-03 -4.283860e-02 1.576317e-03 -5.351397e-03 9.999844e-01 6.025118e+00 
9.989600e-01 -4.559523e-02 -1.697430e-04 -2.631577e-01 4.559554e-02 9.989536e-01 3.573616e-03 -7.707531e-02 6.625561e-06 -3.577638e-03 9.999936e-01 9.379727e+00 
9.989600e-01 -4.559523e-02 -1.697430e-04 -2.631577e-01 4.559554e-02 9.989536e-01 3.573616e-03 -7.707531e-02 6.625561e-06 -3.577638e-03 9.999936e-01 9.379727e+00 
9.989600e-01 -4.559523e-02 -1.697430e-04 -2.631577e-01 4.559554e-02 9.989536e-01 3.573616e-03 -7.707531e-02 6.625561e-06 -3.577638e-03 9.999936e-01 9.379727e+00 
9.989600e-01 -4.559523e-02 -1.697430e-04 -2.631577e-01 4.559554e-02 9.989536e-01 3.573616e-03 -7.707531e-02 6.625561e-06 -3.577638e-03 9.999936e-01 9.379727e+00 
9.986101e-01 -5.249426e-02 -4.707312e-03 -4.434548e-01 5.251071e-02 9.986144e-01 3.440369e-03 -1.015796e-01 4.520190e-03 -3.682771e-03 9.999830e-01 1.285126e+01 
9.986101e-01 -5.249426e-02 -4.707312e-03 -4.434548e-01 5.251071e-02 9.986144e-01 3.440369e-03 -1.015796e-01 4.520190e-03 -3.682771e-03 9.999830e-01 1.285126e+01 
9.986101e-01 -5.249426e-02 -4.707312e-03 -4.434548e-01 5.251071e-02 9.986144e-01 3.440369e-03 -1.015796e-01 4.520190e-03 -3.682771e-03 9.999830e-01 1.285126e+01 
9.986101e-01 -5.249426e-02 -4.707312e-03 -4.434548e-01 5.251071e-02 9.986144e-01 3.440369e-03 -1.015796e-01 4.520190e-03 -3.682771e-03 9.999830e-01 1.285126e+01 
9.983067e-01 -5.807885e-02 -3.262786e-03 -6.536995e-01 5.810545e-02 9.982721e-01 8.754701e-03 -1.513272e-01 2.748686e-03 -8.929462e-03 9.999564e-01 1.644157e+01 
9.983067e-01 -5.807885e-02 -3.262786e-03 -6.536995e-01 5.810545e-02 9.982721e-01 8.754701e-03 -1.513272e-01 2.748686e-03 -8.929462e-03 9.999564e-01 1.644157e+01 
9.983067e-01 -5.807885e-02 -3.262786e-03 -6.536995e-01 5.810545e-02 9.982721e-01 8.754701e-03 -1.513272e-01 2.748686e-03 -8.929462e-03 9.999564e-01 1.644157e+01 
9.983067e-01 -5.807885e-02 -3.262786e-03 -6.536995e-01 5.810545e-02 9.982721e-01 8.754701e-03 -1.513272e-01 2.748686e-03 -8.929462e-03 9.999564e-01 1.644157e+01 
9.980714e-01 -6.201827e-02 -2.677432e-03 -8.921573e-01 6.203391e-02 9.980547e-01 6.220153e-03 -1.982502e-01 2.286460e-03 -6.374248e-03 9.999771e-01 2.013129e+01 
9.980714e-01 -6.201827e-02 -2.677432e-03 -8.921573e-01 6.203391e-02 9.980547e-01 6.220153e-03 -1.982502e-01 2.286460e-03 -6.374248e-03 9.999771e-01 2.013129e+01 
9.980714e-01 -6.201827e-02 -2.677432e-03 -8.921573e-01 6.203391e-02 9.980547e-01 6.220153e-03 -1.982502e-01 2.286460e-03 -6.374248e-03 9.999771e-01 2.013129e+01 
9.980714e-01 -6.201827e-02 -2.677432e-03 -8.921573e-01 6.203391e-02 9.980547e-01 6.220153e-03 -1.982502e-01 2.286460e-03 -6.374248e-03 9.999771e-01 2.013129e+01 
9.982680e-01 -5.820775e-02 8.535892e-03 -1.135033e+00 5.815669e-02 9.982888e-01 6.112070e-03 -2.420898e-01 -8.877055e-03 -5.605064e-03 9.999449e-01 2.389105e+01 
9.982680e-01 -5.820775e-02 8.535892e-03 -1.135033e+00 5.815669e-02 9.982888e-01 6.112070e-03 -2.420898e-01 -8.877055e-03 -5.605064e-03 9.999449e-01 2.389105e+01 
9.982680e-01 -5.820775e-02 8.535892e-03 -1.135033e+00 5.815669e-02 9.982888e-01 6.112070e-03 -2.420898e-01 -8.877055e-03 -5.605064e-03 9.999449e-01 2.389105e+01 
9.982680e-01 -5.820775e-02 8.535892e-03 -1.135033e+00 5.815669e-02 9.982888e-01 6.112070e-03 -2.420898e-01 -8.877055e-03 -5.605064e-03 9.999449e-01 2.389105e+01 
9.985413e-01 -5.398695e-02 -7.716192e-04 -1.363197e+00 5.398923e-02 9.985360e-01 3.320152e-03 -2.576743e-01 5.912446e-04 -3.356968e-03 9.999942e-01 2.773621e+01 
9.985413e-01 -5.398695e-02 -7.716192e-04 -1.363197e+00 5.398923e-02 9.985360e-01 3.320152e-03 -2.576743e-01 5.912446e-04 -3.356968e-03 9.999942e-01 2.773621e+01 
9.985413e-01 -5.398695e-02 -7.716192e-04 -1.363197e+00 5.398923e-02 9.985360e-01 3.320152e-03 -2.576743e-01 5.912446e-04 -3.356968e-03 9.999942e-01 2.773621e+01 
9.985413e-01 -5.398695e-02 -7.716192e-04 -1.363197e+00 5.398923e-02 9.985360e-01 3.320152e-03 -2.576743e-01 5.912446e-04 -3.356968e-03 9.999942e-01 2.773621e+01 
9.983418e-01 -5.741113e-02 4.195526e-03 -1.585990e+00 5.745310e-02 9.982911e-01 -1.068167e-02 -2.923445e-01 -3.575110e-03 1.090501e-02 9.999341e-01 3.160160e+01 
9.983418e-01 -5.741113e-02 4.195526e-03 -1.585990e+00 5.745310e-02 9.982911e-01 -1.068167e-02 -2.923445e-01 -3.575110e-03 1.090501e-02 9.999341e-01 3.160160e+01 
9.983418e-01 -5.741113e-02 4.195526e-03 -1.585990e+00 5.745310e-02 9.982911e-01 -1.068167e-02 -2.923445e-01 -3.575110e-03 1.090501e-02 9.999341e-01 3.160160e+01 
9.983418e-01 -5.741113e-02 4.195526e-03 -1.585990e+00 5.745310e-02 9.982911e-01 -1.068167e-02 -2.923445e-01 -3.575110e-03 1.090501e-02 9.999341e-01 3.160160e+01 
9.980211e-01 -6.277275e-02 3.682825e-03 -1.839877e+00 6.279574e-02 9.980052e-01 -6.499309e-03 -3.255437e-01 -3.267499e-03 6.717712e-03 9.999721e-01 3.561287e+01 
9.980211e-01 -6.277275e-02 3.682825e-03 -1.839877e+00 6.279574e-02 9.980052e-01 -6.499309e-03 -3.255437e-01 -3.267499e-03 6.717712e-03 9.999721e-01 3.561287e+01 
9.980211e-01 -6.277275e-02 3.682825e-03 -1.839877e+00 6.279574e-02 9.980052e-01 -6.499309e-03 -3.255437e-01 -3.267499e-03 6.717712e-03 9.999721e-01 3.561287e+01 
9.980211e-01 -6.277275e-02 3.682825e-03 -1.839877e+00 6.279574e-02 9.980052e-01 -6.499309e-03 -3.255437e-01 -3.267499e-03 6.717712e-03 9.999721e-01 3.561287e+01 
9.977735e-01 -6.546551e-02 1.273679e-02 -2.105892e+00 6.546495e-02 9.978548e-01 4.607365e-04 -3.587543e-01 -1.273963e-02 3.741027e-04 9.999188e-01 3.959359e+01 
9.977735e-01 -6.546551e-02 1.273679e-02 -2.105892e+00 6.546495e-02 9.978548e-01 4.607365e-04 -3.587543e-01 -1.273963e-02 3.741027e-04 9.999188e-01 3.959359e+01 
9.977735e-01 -6.546551e-02 1.273679e-02 -2.105892e+00 6.546495e-02 9.978548e-01 4.607365e-04 -3.587543e-01 -1.273963e-02 3.741027e-04 9.999188e-01 3.959359e+01 
9.977735e-01 -6.546551e-02 1.273679e-02 -2.105892e+00 6.546495e-02 9.978548e-01 4.607365e-04 -3.587543e-01 -1.273963e-02 3.741027e-04 9.999188e-01 3.959359e+01 
9.977537e-01 -6.647324e-02 8.301135e-03 -2.377779e+00 6.645722e-02 9.977869e-01 2.192121e-03 -3.703224e-01 -8.428481e-03 -1.635526e-03 9.999631e-01 4.358201e+01 
9.977537e-01 -6.647324e-02 8.301135e-03 -2.377779e+00 6.645722e-02 9.977869e-01 2.192121e-03 -3.703224e-01 -8.428481e-03 -1.635526e-03 9.999631e-01 4.358201e+01 
9.977537e-01 -6.647324e-02 8.301135e-03 -2.377779e+00 6.645722e-02 9.977869e-01 2.192121e-03 -3.703224e-01 -8.428481e-03 -1.635526e-03 9.999631e-01 4.358201e+01 
9.977537e-01 -6.647324e-02 8.301135e-03 -2.377779e+00 6.645722e-02 9.977869e-01 2.192121e-03 -3.703224e-01 -8.428481e-03 -1.635526e-03 9.999631e-01 4.358201e+01 
9.975757e-01 -6.951064e-02 3.322351e-03 -2.660476e+00 6.950439e-02 9.975797e-01 1.962284e-03 -3.789799e-01 -3.450709e-03 -1.726609e-03 9.999926e-01 4.747214e+01 
9.975757e-01 -6.951064e-02 3.322351e-03 -2.660476e+00 6.950439e-02 9.975797e-01 1.962284e-03 -3.789799e-01 -3.450709e-03 -1.726609e-03 9.999926e-01 4.747214e+01 
9.975757e-01 -6.951064e-02 3.322351e-03 -2.660476e+00 6.950439e-02 9.975797e-01 1.962284e-03 -3.789799e-01 -3.450709e-03 -1.726609e-03 9.999926e-01 4.747214e+01 
9.975757e-01 -6.951064e-02 3.322351e-03 -2.660476e+00 6.950439e-02 9.975797e-01 1.962284e-03 -3.789799e-01 -3.450709e-03 -1.726609e-03 9.999926e-01 4.747214e+01 
9.974726e-01 -7.039409e-02 9.652630e-03 -2.938816e+00 7.040689e-02 9.975179e-01 -9.920217e-04 -4.271036e-01 -9.558839e-03 1.669126e-03 9.999529e-01 5.133454e+01 
9.974726e-01 -7.039409e-02 9.652630e-03 -2.938816e+00 7.040689e-02 9.975179e-01 -9.920217e-04 -4.271036e-01 -9.558839e-03 1.669126e-03 9.999529e-01 5.133454e+01 
9.974726e-01 -7.039409e-02 9.652630e-03 -2.938816e+00 7.040689e-02 9.975179e-01 -9.920217e-04 -4.271036e-01 -9.558839e-03 1.669126e-03 9.999529e-01 5.133454e+01 
9.974726e-01 -7.039409e-02 9.652630e-03 -2.938816e+00 7.040689e-02 9.975179e-01 -9.920217e-04 -4.271036e-01 -9.558839e-03 1.669126e-03 9.999529e-01 5.133454e+01 
9.972176e-01 -7.340060e-02 1.301459e-02 -3.233447e+00 7.356337e-02 9.972122e-01 -1.250254e-02 -4.472904e-01 -1.206061e-02 1.342515e-02 9.998371e-01 5.524540e+01 
9.972176e-01 -7.340060e-02 1.301459e-02 -3.233447e+00 7.356337e-02 9.972122e-01 -1.250254e-02 -4.472904e-01 -1.206061e-02 1.342515e-02 9.998371e-01 5.524540e+01 
9.972176e-01 -7.340060e-02 1.301459e-02 -3.233447e+00 7.356337e-02 9.972122e-01 -1.250254e-02 -4.472904e-01 -1.206061e-02 1.342515e-02 9.998371e-01 5.524540e+01 
9.972176e-01 -7.340060e-02 1.301459e-02 -3.233447e+00 7.356337e-02 9.972122e-01 -1.250254e-02 -4.472904e-01 -1.206061e-02 1.342515e-02 9.998371e-01 5.524540e+01 
9.970191e-01 -7.673143e-02 8.072096e-03 -3.524761e+00 7.679250e-02 9.970185e-01 -7.549326e-03 -4.592495e-01 -7.468758e-03 8.146699e-03 9.999389e-01 5.905221e+01 
9.970191e-01 -7.673143e-02 8.072096e-03 -3.524761e+00 7.679250e-02 9.970185e-01 -7.549326e-03 -4.592495e-01 -7.468758e-03 8.146699e-03 9.999389e-01 5.905221e+01 
9.970191e-01 -7.673143e-02 8.072096e-03 -3.524761e+00 7.679250e-02 9.970185e-01 -7.549326e-03 -4.592495e-01 -7.468758e-03 8.146699e-03 9.999389e-01 5.905221e+01 
9.970191e-01 -7.673143e-02 8.072096e-03 -3.524761e+00 7.679250e-02 9.970185e-01 -7.549326e-03 -4.592495e-01 -7.468758e-03 8.146699e-03 9.999389e-01 5.905221e+01 
9.967001e-01 -8.083450e-02 7.390963e-03 -3.821943e+00 8.081255e-02 9.967241e-01 3.221361e-03 -4.933250e-01 -7.627148e-03 -2.613448e-03 9.999675e-01 6.263846e+01 
9.967001e-01 -8.083450e-02 7.390963e-03 -3.821943e+00 8.081255e-02 9.967241e-01 3.221361e-03 -4.933250e-01 -7.627148e-03 -2.613448e-03 9.999675e-01 6.263846e+01 
9.967001e-01 -8.083450e-02 7.390963e-03 -3.821943e+00 8.081255e-02 9.967241e-01 3.221361e-03 -4.933250e-01 -7.627148e-03 -2.613448e-03 9.999675e-01 6.263846e+01 
9.967001e-01 -8.083450e-02 7.390963e-03 -3.821943e+00 8.081255e-02 9.967241e-01 3.221361e-03 -4.933250e-01 -7.627148e-03 -2.613448e-03 9.999675e-01 6.263846e+01 
9.962233e-01 -8.638756e-02 8.739413e-03 -4.108029e+00 8.633300e-02 9.962455e-01 6.438787e-03 -5.274248e-01 -9.262832e-03 -5.659970e-03 9.999411e-01 6.595300e+01 
9.962233e-01 -8.638756e-02 8.739413e-03 -4.108029e+00 8.633300e-02 9.962455e-01 6.438787e-03 -5.274248e-01 -9.262832e-03 -5.659970e-03 9.999411e-01 6.595300e+01 
9.962233e-01 -8.638756e-02 8.739413e-03 -4.108029e+00 8.633300e-02 9.962455e-01 6.438787e-03 -5.274248e-01 -9.262832e-03 -5.659970e-03 9.999411e-01 6.595300e+01 
9.962233e-01 -8.638756e-02 8.739413e-03 -4.108029e+00 8.633300e-02 9.962455e-01 6.438787e-03 -5.274248e-01 -9.262832e-03 -5.659970e-03 9.999411e-01 6.595300e+01 
9.956120e-01 -9.184039e-02 1.794568e-02 -4.405641e+00 9.158940e-02 9.956936e-01 1.434213e-02 -5.569079e-01 -1.918558e-02 -1.263556e-02 9.997361e-01 6.911074e+01 
9.956120e-01 -9.184039e-02 1.794568e-02 -4.405641e+00 9.158940e-02 9.956936e-01 1.434213e-02 -5.569079e-01 -1.918558e-02 -1.263556e-02 9.997361e-01 6.911074e+01 
9.956120e-01 -9.184039e-02 1.794568e-02 -4.405641e+00 9.158940e-02 9.956936e-01 1.434213e-02 -5.569079e-01 -1.918558e-02 -1.263556e-02 9.997361e-01 6.911074e+01 
9.956120e-01 -9.184039e-02 1.794568e-02 -4.405641e+00 9.158940e-02 9.956936e-01 1.434213e-02 -5.569079e-01 -1.918558e-02 -1.263556e-02 9.997361e-01 6.911074e+01 
9.954136e-01 -9.565851e-02 -1.103319e-03 -4.699039e+00 9.566277e-02 9.952490e-01 1.811068e-02 -5.490813e-01 -6.343640e-04 -1.813316e-02 9.998354e-01 7.202230e+01 
9.954136e-01 -9.565851e-02 -1.103319e-03 -4.699039e+00 9.566277e-02 9.952490e-01 1.811068e-02 -5.490813e-01 -6.343640e-04 -1.813316e-02 9.998354e-01 7.202230e+01 
9.954136e-01 -9.565851e-02 -1.103319e-03 -4.699039e+00 9.566277e-02 9.952490e-01 1.811068e-02 -5.490813e-01 -6.343640e-04 -1.813316e-02 9.998354e-01 7.202230e+01 
9.954136e-01 -9.565851e-02 -1.103319e-03 -4.699039e+00 9.566277e-02 9.952490e-01 1.811068e-02 -5.490813e-01 -6.343640e-04 -1.813316e-02 9.998354e-01 7.202230e+01 
9.951069e-01 -9.876724e-02 -2.707639e-03 -4.962498e+00 9.878666e-02 9.950736e-01 8.350510e-03 -5.898372e-01 1.869544e-03 -8.577129e-03 9.999615e-01 7.462978e+01 
9.951069e-01 -9.876724e-02 -2.707639e-03 -4.962498e+00 9.878666e-02 9.950736e-01 8.350510e-03 -5.898372e-01 1.869544e-03 -8.577129e-03 9.999615e-01 7.462978e+01 
9.951069e-01 -9.876724e-02 -2.707639e-03 -4.962498e+00 9.878666e-02 9.950736e-01 8.350510e-03 -5.898372e-01 1.869544e-03 -8.577129e-03 9.999615e-01 7.462978e+01 
9.951069e-01 -9.876724e-02 -2.707639e-03 -4.962498e+00 9.878666e-02 9.950736e-01 8.350510e-03 -5.898372e-01 1.869544e-03 -8.577129e-03 9.999615e-01 7.462978e+01 
9.963158e-01 -8.574696e-02 -1.518171e-03 -5.193248e+00 8.575774e-02 9.962681e-01 9.769113e-03 -6.332817e-01 6.748333e-04 -9.863316e-03 9.999511e-01 7.685390e+01 
9.963158e-01 -8.574696e-02 -1.518171e-03 -5.193248e+00 8.575774e-02 9.962681e-01 9.769113e-03 -6.332817e-01 6.748333e-04 -9.863316e-03 9.999511e-01 7.685390e+01 
9.963158e-01 -8.574696e-02 -1.518171e-03 -5.193248e+00 8.575774e-02 9.962681e-01 9.769113e-03 -6.332817e-01 6.748333e-04 -9.863316e-03 9.999511e-01 7.685390e+01 
9.963158e-01 -8.574696e-02 -1.518171e-03 -5.193248e+00 8.575774e-02 9.962681e-01 9.769113e-03 -6.332817e-01 6.748333e-04 -9.863316e-03 9.999511e-01 7.685390e+01 
9.989171e-01 -4.614595e-02 5.932593e-03 -5.359696e+00 4.608201e-02 9.988825e-01 1.049730e-02 -6.745949e-01 -6.410371e-03 -1.021255e-02 9.999273e-01 7.901484e+01 
9.989171e-01 -4.614595e-02 5.932593e-03 -5.359696e+00 4.608201e-02 9.988825e-01 1.049730e-02 -6.745949e-01 -6.410371e-03 -1.021255e-02 9.999273e-01 7.901484e+01 
9.999548e-01 -6.099936e-03 7.299355e-03 -5.399460e+00 5.998062e-03 9.998854e-01 1.389800e-02 -6.822366e-01 -7.383296e-03 -1.385359e-02 9.998768e-01 7.998339e+01 
9.999548e-01 -6.099936e-03 7.299355e-03 -5.399460e+00 5.998062e-03 9.998854e-01 1.389800e-02 -6.822366e-01 -7.383296e-03 -1.385359e-02 9.998768e-01 7.998339e+01 
9.987301e-01 4.924777e-02 1.061977e-02 -5.404786e+00 -4.933460e-02 9.987497e-01 8.074904e-03 -6.934148e-01 -1.020882e-02 -8.588572e-03 9.999110e-01 8.092702e+01 
9.965358e-01 8.222347e-02 1.247765e-02 -5.381926e+00 -8.232437e-02 9.965751e-01 7.799049e-03 -7.007887e-01 -1.179365e-02 -8.799246e-03 9.998917e-01 8.137821e+01 
9.927347e-01 1.195956e-01 1.321871e-02 -5.344931e+00 -1.197002e-01 9.927823e-01 7.432231e-03 -7.054333e-01 -1.223444e-02 -8.960517e-03 9.998850e-01 8.182154e+01 
9.868405e-01 1.611260e-01 1.357346e-02 -5.296482e+00 -1.612379e-01 9.868864e-01 7.590233e-03 -7.078536e-01 -1.217248e-02 -9.678906e-03 9.998791e-01 8.224918e+01 
9.784981e-01 2.057697e-01 1.415103e-02 -5.220145e+00 -2.058844e-01 9.785501e-01 7.171047e-03 -7.063470e-01 -1.237191e-02 -9.930333e-03 9.998742e-01 8.257552e+01 
9.668967e-01 2.548228e-01 1.326840e-02 -5.138180e+00 -2.549540e-01 9.669080e-01 9.343562e-03 -7.124025e-01 -1.044837e-02 -1.241709e-02 9.998683e-01 8.299517e+01 
9.513753e-01 3.078246e-01 1.136281e-02 -5.039963e+00 -3.079392e-01 9.513507e-01 1.026028e-02 -7.174258e-01 -7.651647e-03 -1.326043e-02 9.998828e-01 8.339397e+01 
9.315012e-01 3.635984e-01 1.008327e-02 -4.918065e+00 -3.636957e-01 9.314580e-01 1.055364e-02 -7.212354e-01 -5.554858e-03 -1.349797e-02 9.998935e-01 8.378791e+01 
9.077341e-01 4.194533e-01 8.817533e-03 -4.778300e+00 -4.195347e-01 9.076629e-01 1.177900e-02 -7.175088e-01 -3.062608e-03 -1.439146e-02 9.998917e-01 8.408021e+01 
8.785449e-01 4.775979e-01 7.685220e-03 -4.623640e+00 -4.776585e-01 8.784663e-01 1.180708e-02 -7.205938e-01 -1.112169e-03 -1.404396e-02 9.999008e-01 8.444367e+01 
8.448590e-01 5.349638e-01 5.188017e-03 -4.442929e+00 -5.349876e-01 8.447950e-01 1.047390e-02 -7.220702e-01 1.220346e-03 -1.162449e-02 9.999317e-01 8.479900e+01 
8.072595e-01 5.901770e-01 4.817992e-03 -4.252685e+00 -5.901936e-01 8.072019e-01 9.830184e-03 -7.368634e-01 1.912457e-03 -1.077906e-02 9.999401e-01 8.513804e+01 
7.693093e-01 6.388492e-01 5.917499e-03 -4.027524e+00 -6.388761e-01 7.692647e-01 8.312429e-03 -7.531362e-01 7.582646e-04 -1.017538e-02 9.999479e-01 8.539427e+01 
7.261878e-01 6.874314e-01 9.453801e-03 -3.794557e+00 -6.874947e-01 7.261482e-01 7.734837e-03 -7.639413e-01 -1.547690e-03 -1.211638e-02 9.999254e-01 8.569210e+01 
6.807782e-01 7.324175e-01 1.027958e-02 -3.541520e+00 -7.324865e-01 6.807495e-01 6.606284e-03 -7.740960e-01 -2.159263e-03 -1.202707e-02 9.999253e-01 8.596732e+01 
6.335558e-01 7.736681e-01 6.691865e-03 -3.264277e+00 -7.736970e-01 6.335353e-01 5.106868e-03 -7.757768e-01 -2.885118e-04 -8.412961e-03 9.999646e-01 8.624347e+01 
5.897228e-01 8.076017e-01 2.533183e-03 -2.987343e+00 -8.076056e-01 5.897184e-01 2.324131e-03 -7.852638e-01 3.831079e-04 -3.416406e-03 9.999941e-01 8.641907e+01 
5.427336e-01 8.398939e-01 4.299254e-03 -2.685549e+00 -8.399040e-01 5.427184e-01 4.239352e-03 -7.944538e-01 1.227321e-03 -5.911800e-03 9.999818e-01 8.664645e+01 
4.956348e-01 8.684982e-01 7.545282e-03 -2.366124e+00 -8.685282e-01 4.955924e-01 6.857531e-03 -8.044215e-01 2.216370e-03 -9.952121e-03 9.999480e-01 8.685642e+01 
4.502556e-01 8.928590e-01 8.525933e-03 -2.036356e+00 -8.928899e-01 4.501852e-01 8.997779e-03 -8.133721e-01 4.195499e-03 -1.166402e-02 9.999232e-01 8.704814e+01 
4.080947e-01 9.129371e-01 2.137387e-03 -1.775641e+00 -9.129263e-01 4.080749e-01 6.364310e-03 -8.165267e-01 4.938001e-03 -4.548517e-03 9.999775e-01 8.716471e+01 
3.687344e-01 9.294737e-01 -1.066266e-02 -1.432242e+00 -9.295304e-01 3.687438e-01 -1.141067e-03 -8.195530e-01 2.871197e-03 1.033202e-02 9.999425e-01 8.731437e+01 
3.335767e-01 9.426293e-01 -1.328595e-02 -1.077176e+00 -9.427229e-01 3.335406e-01 -4.914997e-03 -8.268068e-01 -2.016179e-04 1.416449e-02 9.998997e-01 8.744905e+01 
3.006340e-01 9.536723e-01 -1.132878e-02 -7.072591e-01 -9.537362e-01 3.006434e-01 -9.017428e-04 -8.308543e-01 2.545957e-03 1.107577e-02 9.999354e-01 8.757989e+01 
2.683681e-01 9.633152e-01 -1.526443e-03 -3.971852e-01 -9.632875e-01 2.683720e-01 7.328315e-03 -8.372025e-01 7.469132e-03 -4.962828e-04 9.999720e-01 8.769119e+01 
2.683681e-01 9.633152e-01 -1.526443e-03 -3.971852e-01 -9.632875e-01 2.683720e-01 7.328315e-03 -8.372025e-01 7.469132e-03 -4.962828e-04 9.999720e-01 8.769119e+01 
2.146558e-01 9.766878e-01 1.945784e-03 3.720101e-01 -9.766099e-01 2.146124e-01 1.321100e-02 -8.656859e-01 1.248543e-02 -4.736090e-03 9.999108e-01 8.789793e+01 
2.146558e-01 9.766878e-01 1.945784e-03 3.720101e-01 -9.766099e-01 2.146124e-01 1.321100e-02 -8.656859e-01 1.248543e-02 -4.736090e-03 9.999108e-01 8.789793e+01 
1.707374e-01 9.852348e-01 -1.269018e-02 1.202066e+00 -9.850534e-01 1.709753e-01 2.091176e-02 -8.600206e-01 2.277270e-02 8.930084e-03 9.997008e-01 8.806870e+01 
1.707374e-01 9.852348e-01 -1.269018e-02 1.202066e+00 -9.850534e-01 1.709753e-01 2.091176e-02 -8.600206e-01 2.277270e-02 8.930084e-03 9.997008e-01 8.806870e+01 
1.333869e-01 9.909880e-01 -1.227679e-02 2.066314e+00 -9.906192e-01 1.336879e-01 2.830478e-02 -8.662133e-01 2.969096e-02 8.386141e-03 9.995239e-01 8.821657e+01 
1.333869e-01 9.909880e-01 -1.227679e-02 2.066314e+00 -9.906192e-01 1.336879e-01 2.830478e-02 -8.662133e-01 2.969096e-02 8.386141e-03 9.995239e-01 8.821657e+01 
1.033210e-01 9.945973e-01 -1.005301e-02 2.991515e+00 -9.944111e-01 1.035117e-01 2.078229e-02 -9.111459e-01 2.171061e-02 7.849575e-03 9.997335e-01 8.833656e+01 
1.033210e-01 9.945973e-01 -1.005301e-02 2.991515e+00 -9.944111e-01 1.035117e-01 2.078229e-02 -9.111459e-01 2.171061e-02 7.849575e-03 9.997335e-01 8.833656e+01 
1.033210e-01 9.945973e-01 -1.005301e-02 2.991515e+00 -9.944111e-01 1.035117e-01 2.078229e-02 -9.111459e-01 2.171061e-02 7.849575e-03 9.997335e-01 8.833656e+01 
6.845634e-02 9.974730e-01 -1.900946e-02 4.489389e+00 -9.974699e-01 6.879744e-02 1.790973e-02 -9.585966e-01 1.917227e-02 1.773533e-02 9.996589e-01 8.847035e+01 
6.800555e-02 9.975133e-01 -1.850372e-02 4.435003e+00 -9.974974e-01 6.834064e-02 1.812293e-02 -9.580055e-01 1.934242e-02 1.722496e-02 9.996645e-01 8.846610e+01 
6.800555e-02 9.975133e-01 -1.850372e-02 4.435003e+00 -9.974974e-01 6.834064e-02 1.812293e-02 -9.580055e-01 1.934242e-02 1.722496e-02 9.996645e-01 8.846610e+01 
6.800555e-02 9.975133e-01 -1.850372e-02 4.435003e+00 -9.974974e-01 6.834064e-02 1.812293e-02 -9.580055e-01 1.934242e-02 1.722496e-02 9.996645e-01 8.846610e+01 
4.284548e-02 9.987905e-01 -2.412032e-02 6.700459e+00 -9.988476e-01 4.334555e-02 2.060591e-02 -1.013758e+00 2.162649e-02 2.320965e-02 9.994967e-01 8.860109e+01 
4.248600e-02 9.988109e-01 -2.391195e-02 6.723954e+00 -9.988582e-01 4.298695e-02 2.084045e-02 -1.008932e+00 2.184357e-02 2.299922e-02 9.994968e-01 8.860695e+01 
4.248600e-02 9.988109e-01 -2.391195e-02 6.723954e+00 -9.988582e-01 4.298695e-02 2.084045e-02 -1.008932e+00 2.184357e-02 2.299922e-02 9.994968e-01 8.860695e+01 
4.248600e-02 9.988109e-01 -2.391195e-02 6.723954e+00 -9.988582e-01 4.298695e-02 2.084045e-02 -1.008932e+00 2.184357e-02 2.299922e-02 9.994968e-01 8.860695e+01 
2.950997e-02 9.990948e-01 -3.063762e-02 9.271130e+00 -9.993542e-01 3.011856e-02 1.959608e-02 -1.079852e+00 2.050111e-02 3.003956e-02 9.993384e-01 8.871907e+01 
2.994020e-02 9.990687e-01 -3.106870e-02 9.235872e+00 -9.993396e-01 3.055971e-02 1.966049e-02 -1.079836e+00 2.059163e-02 3.045955e-02 9.993239e-01 8.869190e+01 
2.994020e-02 9.990687e-01 -3.106870e-02 9.235872e+00 -9.993396e-01 3.055971e-02 1.966049e-02 -1.079836e+00 2.059163e-02 3.045955e-02 9.993239e-01 8.869190e+01 
2.994020e-02 9.990687e-01 -3.106870e-02 9.235872e+00 -9.993396e-01 3.055971e-02 1.966049e-02 -1.079836e+00 2.059163e-02 3.045955e-02 9.993239e-01 8.869190e+01 
3.625449e-02 9.983920e-01 -4.357802e-02 1.207594e+01 -9.991420e-01 3.708638e-02 1.843495e-02 -1.159478e+00 2.002146e-02 4.287228e-02 9.988799e-01 8.879123e+01 
3.617888e-02 9.984116e-01 -4.319088e-02 1.205209e+01 -9.991400e-01 3.701363e-02 1.868618e-02 -1.151962e+00 2.025515e-02 4.247769e-02 9.988921e-01 8.878217e+01 
3.617888e-02 9.984116e-01 -4.319088e-02 1.205209e+01 -9.991400e-01 3.701363e-02 1.868618e-02 -1.151962e+00 2.025515e-02 4.247769e-02 9.988921e-01 8.878217e+01 
3.617888e-02 9.984116e-01 -4.319088e-02 1.205209e+01 -9.991400e-01 3.701363e-02 1.868618e-02 -1.151962e+00 2.025515e-02 4.247769e-02 9.988921e-01 8.878217e+01 
5.268070e-02 9.977217e-01 -4.214405e-02 1.514113e+01 -9.984957e-01 5.327011e-02 1.298639e-02 -1.230235e+00 1.520182e-02 4.139652e-02 9.990271e-01 8.893080e+01 
5.271310e-02 9.977334e-01 -4.182578e-02 1.507291e+01 -9.984942e-01 5.329770e-02 1.298651e-02 -1.234017e+00 1.518629e-02 4.107824e-02 9.990405e-01 8.892048e+01 
5.271310e-02 9.977334e-01 -4.182578e-02 1.507291e+01 -9.984942e-01 5.329770e-02 1.298651e-02 -1.234017e+00 1.518629e-02 4.107824e-02 9.990405e-01 8.892048e+01 
5.271310e-02 9.977334e-01 -4.182578e-02 1.507291e+01 -9.984942e-01 5.329770e-02 1.298651e-02 -1.234017e+00 1.518629e-02 4.107824e-02 9.990405e-01 8.892048e+01 
6.521131e-02 9.973987e-01 -3.071206e-02 1.834601e+01 -9.975718e-01 6.591507e-02 2.248749e-02 -1.307506e+00 2.445338e-02 2.917104e-02 9.992753e-01 8.912492e+01 
6.524860e-02 9.974146e-01 -3.011113e-02 1.835217e+01 -9.975751e-01 6.593201e-02 2.228985e-02 -1.307948e+00 2.421751e-02 2.858373e-02 9.992980e-01 8.911731e+01 
6.524860e-02 9.974146e-01 -3.011113e-02 1.835217e+01 -9.975751e-01 6.593201e-02 2.228985e-02 -1.307948e+00 2.421751e-02 2.858373e-02 9.992980e-01 8.911731e+01 
6.524860e-02 9.974146e-01 -3.011113e-02 1.835217e+01 -9.975751e-01 6.593201e-02 2.228985e-02 -1.307948e+00 2.421751e-02 2.858373e-02 9.992980e-01 8.911731e+01 
6.491441e-02 9.976083e-01 -2.374239e-02 2.166510e+01 -9.976144e-01 6.543806e-02 2.198622e-02 -1.426973e+00 2.348730e-02 2.225852e-02 9.994763e-01 8.935899e+01 
6.470720e-02 9.976320e-01 -2.330899e-02 2.163221e+01 -9.976328e-01 6.521679e-02 2.180841e-02 -1.429952e+00 2.327691e-02 2.184265e-02 9.994904e-01 8.936910e+01 
6.470720e-02 9.976320e-01 -2.330899e-02 2.163221e+01 -9.976328e-01 6.521679e-02 2.180841e-02 -1.429952e+00 2.327691e-02 2.184265e-02 9.994904e-01 8.936910e+01 
6.470720e-02 9.976320e-01 -2.330899e-02 2.163221e+01 -9.976328e-01 6.521679e-02 2.180841e-02 -1.429952e+00 2.327691e-02 2.184265e-02 9.994904e-01 8.936910e+01 
6.475196e-02 9.978033e-01 -1.399050e-02 2.494385e+01 -9.976019e-01 6.506964e-02 2.358935e-02 -1.546421e+00 2.444789e-02 1.242949e-02 9.996238e-01 8.959873e+01 
6.456358e-02 9.978163e-01 -1.393439e-02 2.494032e+01 -9.976154e-01 6.487931e-02 2.353951e-02 -1.549599e+00 2.439216e-02 1.238137e-02 9.996258e-01 8.960323e+01 
6.456358e-02 9.978163e-01 -1.393439e-02 2.494032e+01 -9.976154e-01 6.487931e-02 2.353951e-02 -1.549599e+00 2.439216e-02 1.238137e-02 9.996258e-01 8.960323e+01 
6.456358e-02 9.978163e-01 -1.393439e-02 2.494032e+01 -9.976154e-01 6.487931e-02 2.353951e-02 -1.549599e+00 2.439216e-02 1.238137e-02 9.996258e-01 8.960323e+01 
4.667490e-02 9.989025e-01 -3.897218e-03 2.822700e+01 -9.987518e-01 4.673661e-02 1.762130e-02 -1.674864e+00 1.778410e-02 3.069882e-03 9.998371e-01 8.981879e+01 
4.672375e-02 9.989017e-01 -3.515672e-03 2.820814e+01 -9.987447e-01 4.677943e-02 1.790634e-02 -1.674513e+00 1.805113e-02 2.674607e-03 9.998335e-01 8.981789e+01 
4.672375e-02 9.989017e-01 -3.515672e-03 2.820814e+01 -9.987447e-01 4.677943e-02 1.790634e-02 -1.674513e+00 1.805113e-02 2.674607e-03 9.998335e-01 8.981789e+01 
4.672375e-02 9.989017e-01 -3.515672e-03 2.820814e+01 -9.987447e-01 4.677943e-02 1.790634e-02 -1.674513e+00 1.805113e-02 2.674607e-03 9.998335e-01 8.981789e+01 
1.019975e-02 9.999398e-01 -4.038193e-03 3.145660e+01 -9.997762e-01 1.027276e-02 1.849165e-02 -1.776450e+00 1.853203e-02 3.848679e-03 9.998209e-01 8.994707e+01 
1.071713e-02 9.999382e-01 -2.969016e-03 3.139108e+01 -9.997760e-01 1.076950e-02 1.822030e-02 -1.787707e+00 1.825114e-02 2.773081e-03 9.998296e-01 8.994423e+01 
1.071713e-02 9.999382e-01 -2.969016e-03 3.139108e+01 -9.997760e-01 1.076950e-02 1.822030e-02 -1.787707e+00 1.825114e-02 2.773081e-03 9.998296e-01 8.994423e+01 
-2.255169e-02 9.997396e-01 -3.483241e-03 3.379129e+01 -9.996005e-01 -2.248890e-02 1.712103e-02 -1.857480e+00 1.703823e-02 3.867958e-03 9.998474e-01 8.996960e+01 
-2.255169e-02 9.997396e-01 -3.483241e-03 3.379129e+01 -9.996005e-01 -2.248890e-02 1.712103e-02 -1.857480e+00 1.703823e-02 3.867958e-03 9.998474e-01 8.996960e+01 
-2.189954e-02 9.997531e-01 -3.761022e-03 3.372448e+01 -9.996178e-01 -2.183278e-02 1.695982e-02 -1.855839e+00 1.687352e-02 4.130997e-03 9.998491e-01 8.993979e+01 
-5.437421e-02 9.985152e-01 -3.297450e-03 3.606909e+01 -9.983347e-01 -5.430005e-02 1.947885e-02 -1.936200e+00 1.927087e-02 4.351106e-03 9.998048e-01 8.988548e+01 
-5.437421e-02 9.985152e-01 -3.297450e-03 3.606909e+01 -9.983347e-01 -5.430005e-02 1.947885e-02 -1.936200e+00 1.927087e-02 4.351106e-03 9.998048e-01 8.988548e+01 
-5.437421e-02 9.985152e-01 -3.297450e-03 3.606909e+01 -9.983347e-01 -5.430005e-02 1.947885e-02 -1.936200e+00 1.927087e-02 4.351106e-03 9.998048e-01 8.988548e+01 
-5.373409e-02 9.985463e-01 -4.225203e-03 3.602480e+01 -9.983700e-01 -5.364214e-02 1.948797e-02 -1.934346e+00 1.923299e-02 5.265485e-03 9.998012e-01 8.985952e+01 
-9.092895e-02 9.958327e-01 -7.014083e-03 3.904011e+01 -9.956572e-01 -9.076722e-02 2.068745e-02 -2.036140e+00 1.996459e-02 8.864711e-03 9.997614e-01 8.966601e+01 
-9.092895e-02 9.958327e-01 -7.014083e-03 3.904011e+01 -9.956572e-01 -9.076722e-02 2.068745e-02 -2.036140e+00 1.996459e-02 8.864711e-03 9.997614e-01 8.966601e+01 
-9.092895e-02 9.958327e-01 -7.014083e-03 3.904011e+01 -9.956572e-01 -9.076722e-02 2.068745e-02 -2.036140e+00 1.996459e-02 8.864711e-03 9.997614e-01 8.966601e+01 
-9.145341e-02 9.957819e-01 -7.400372e-03 3.908879e+01 -9.956036e-01 -9.128094e-02 2.100474e-02 -2.031347e+00 2.024062e-02 9.288792e-03 9.997520e-01 8.967365e+01 
-1.106910e-01 9.937137e-01 -1.675243e-02 4.198691e+01 -9.937607e-01 -1.104327e-01 1.563104e-02 -2.132116e+00 1.368276e-02 1.837813e-02 9.997375e-01 8.939288e+01 
-1.106910e-01 9.937137e-01 -1.675243e-02 4.198691e+01 -9.937607e-01 -1.104327e-01 1.563104e-02 -2.132116e+00 1.368276e-02 1.837813e-02 9.997375e-01 8.939288e+01 
-1.106910e-01 9.937137e-01 -1.675243e-02 4.198691e+01 -9.937607e-01 -1.104327e-01 1.563104e-02 -2.132116e+00 1.368276e-02 1.837813e-02 9.997375e-01 8.939288e+01 
-1.104754e-01 9.937481e-01 -1.612403e-02 4.193154e+01 -9.937894e-01 -1.102332e-01 1.520509e-02 -2.138360e+00 1.333262e-02 1.770368e-02 9.997544e-01 8.939826e+01 
-1.095178e-01 9.938196e-01 -1.812187e-02 4.460143e+01 -9.938657e-01 -1.092041e-01 1.747754e-02 -2.216708e+00 1.539054e-02 1.992480e-02 9.996830e-01 8.911465e+01 
-1.095178e-01 9.938196e-01 -1.812187e-02 4.460143e+01 -9.938657e-01 -1.092041e-01 1.747754e-02 -2.216708e+00 1.539054e-02 1.992480e-02 9.996830e-01 8.911465e+01 
-1.095178e-01 9.938196e-01 -1.812187e-02 4.460143e+01 -9.938657e-01 -1.092041e-01 1.747754e-02 -2.216708e+00 1.539054e-02 1.992480e-02 9.996830e-01 8.911465e+01 
-1.095143e-01 9.938098e-01 -1.867187e-02 4.458829e+01 -9.938658e-01 -1.091907e-01 1.755240e-02 -2.214997e+00 1.540496e-02 2.047957e-02 9.996716e-01 8.912416e+01 
-7.144596e-02 9.973080e-01 -1.649925e-02 4.693533e+01 -9.972873e-01 -7.113126e-02 1.893291e-02 -2.298680e+00 1.770833e-02 1.780717e-02 9.996846e-01 8.889891e+01 
-7.144596e-02 9.973080e-01 -1.649925e-02 4.693533e+01 -9.972873e-01 -7.113126e-02 1.893291e-02 -2.298680e+00 1.770833e-02 1.780717e-02 9.996846e-01 8.889891e+01 
-3.257301e-02 9.993656e-01 -1.439843e-02 4.797626e+01 -9.992273e-01 -3.224469e-02 2.247535e-02 -2.344221e+00 2.199682e-02 1.511940e-02 9.996437e-01 8.882370e+01 
-3.247959e-02 9.993816e-01 -1.347289e-02 4.803199e+01 -9.992401e-01 -3.217849e-02 2.199360e-02 -2.343572e+00 2.154646e-02 1.417699e-02 9.996673e-01 8.882831e+01 
2.041983e-02 9.997273e-01 -1.133149e-02 4.908353e+01 -9.994238e-01 2.071837e-02 2.688560e-02 -2.378817e+00 2.711304e-02 1.077596e-02 9.995743e-01 8.881059e+01 
5.400407e-02 9.984853e-01 -1.052057e-02 4.959624e+01 -9.981771e-01 5.426573e-02 2.641602e-02 -2.396356e+00 2.694691e-02 9.074820e-03 9.995957e-01 8.881614e+01 
9.226537e-02 9.956739e-01 -1.097673e-02 5.010126e+01 -9.954177e-01 9.250846e-02 2.420506e-02 -2.414689e+00 2.511579e-02 8.693144e-03 9.996468e-01 8.883779e+01 
1.337733e-01 9.909749e-01 -8.564761e-03 5.072097e+01 -9.907836e-01 1.339230e-01 2.030948e-02 -2.449751e+00 2.127320e-02 5.768958e-03 9.997571e-01 8.888909e+01 
1.790782e-01 9.838138e-01 -6.433376e-03 5.121706e+01 -9.836902e-01 1.791602e-01 1.597336e-02 -2.473667e+00 1.686742e-02 3.467968e-03 9.998517e-01 8.895379e+01 
2.278782e-01 9.736868e-01 -2.340956e-03 5.170028e+01 -9.736034e-01 2.278894e-01 1.276287e-02 -2.495284e+00 1.296052e-02 -6.292175e-04 9.999158e-01 8.903478e+01 
2.795527e-01 9.601301e-01 6.254583e-04 5.218955e+01 -9.600694e-01 2.795276e-01 1.144645e-02 -2.510567e+00 1.081524e-02 -3.800368e-03 9.999343e-01 8.914345e+01 
3.312982e-01 9.435255e-01 1.087693e-03 5.255928e+01 -9.434639e-01 3.312629e-01 1.186503e-02 -2.517104e+00 1.083465e-02 -4.957062e-03 9.999290e-01 8.930272e+01 
3.893926e-01 9.210672e-01 -2.933222e-03 5.302068e+01 -9.209858e-01 3.893978e-01 1.242741e-02 -2.524325e+00 1.258867e-02 -2.137684e-03 9.999185e-01 8.946191e+01 
4.489142e-01 8.935473e-01 -7.024113e-03 5.347634e+01 -8.934065e-01 4.489683e-01 1.588436e-02 -2.531477e+00 1.734703e-02 -8.553240e-04 9.998492e-01 8.965399e+01 
5.066570e-01 8.620707e-01 -1.152788e-02 5.388702e+01 -8.618360e-01 5.067880e-01 2.011655e-02 -2.534751e+00 2.318408e-02 -2.570466e-04 9.997312e-01 8.988109e+01 
5.630255e-01 8.263454e-01 -1.247224e-02 5.432462e+01 -8.260127e-01 5.631556e-01 2.364058e-02 -2.551233e+00 2.655910e-02 -3.008019e-03 9.996427e-01 9.013696e+01 
6.184748e-01 7.857069e-01 -1.239592e-02 5.471080e+01 -7.852873e-01 6.185630e-01 2.652602e-02 -2.563059e+00 2.850933e-02 -6.671313e-03 9.995713e-01 9.040790e+01 
6.713506e-01 7.409985e-01 -1.448002e-02 5.508940e+01 -7.405332e-01 6.714633e-01 2.734220e-02 -2.574116e+00 2.998333e-02 -7.633261e-03 9.995213e-01 9.070346e+01 
7.199813e-01 6.938389e-01 -1.464843e-02 5.543686e+01 -6.934025e-01 7.200788e-01 2.606561e-02 -2.589805e+00 2.863336e-02 -8.609488e-03 9.995529e-01 9.102998e+01 
7.655048e-01 6.433094e-01 -1.246637e-02 5.562742e+01 -6.430350e-01 7.655700e-01 2.021434e-02 -2.614809e+00 2.254795e-02 -7.457856e-03 9.997179e-01 9.127213e+01 
8.069933e-01 5.905035e-01 -8.209332e-03 5.592078e+01 -5.903610e-01 8.070041e-01 1.477573e-02 -2.634005e+00 1.535009e-02 -7.077448e-03 9.998571e-01 9.162635e+01 
8.437890e-01 5.366680e-01 -2.731519e-03 5.618836e+01 -5.366059e-01 8.437512e-01 1.174906e-02 -2.654726e+00 8.610066e-03 -8.447978e-03 9.999272e-01 9.200014e+01 
8.752202e-01 4.837160e-01 2.896769e-03 5.644945e+01 -4.837231e-01 8.751863e-01 7.802220e-03 -2.672746e+00 1.238846e-03 -8.229895e-03 9.999654e-01 9.241540e+01 
9.017791e-01 4.321116e-01 8.603871e-03 5.661862e+01 -4.321823e-01 9.017350e-01 9.621209e-03 -2.682757e+00 -3.600975e-03 -1.239465e-02 9.999167e-01 9.274552e+01 
9.221123e-01 3.867183e-01 1.256551e-02 5.681852e+01 -3.868567e-01 9.220677e-01 1.153396e-02 -2.694092e+00 -7.125856e-03 -1.549665e-02 9.998545e-01 9.317611e+01 
9.376799e-01 3.470874e-01 1.693329e-02 5.699331e+01 -3.473574e-01 9.375779e-01 1.704625e-02 -2.705926e+00 -9.959742e-03 -2.186583e-02 9.997113e-01 9.361966e+01 
9.499466e-01 3.119692e-01 1.663170e-02 5.716445e+01 -3.122808e-01 9.497446e-01 2.158580e-02 -2.703724e+00 -9.061759e-03 -2.569912e-02 9.996287e-01 9.408632e+01 
9.597399e-01 2.804280e-01 1.610748e-02 5.729351e+01 -2.807532e-01 9.594842e-01 2.382815e-02 -2.694752e+00 -8.772788e-03 -2.739105e-02 9.995863e-01 9.450971e+01 
9.597399e-01 2.804280e-01 1.610748e-02 5.729351e+01 -2.807532e-01 9.594842e-01 2.382815e-02 -2.694752e+00 -8.772788e-03 -2.739105e-02 9.995863e-01 9.450971e+01 
9.699195e-01 2.430451e-01 1.361162e-02 5.756387e+01 -2.432393e-01 9.698488e-01 1.509820e-02 -2.702288e+00 -9.531671e-03 -1.795492e-02 9.997934e-01 9.547486e+01 
9.699195e-01 2.430451e-01 1.361162e-02 5.756387e+01 -2.432393e-01 9.698488e-01 1.509820e-02 -2.702288e+00 -9.531671e-03 -1.795492e-02 9.997934e-01 9.547486e+01 
9.700133e-01 2.426653e-01 1.370044e-02 5.755476e+01 -2.428662e-01 9.699338e-01 1.563418e-02 -2.706903e+00 -9.494651e-03 -1.849274e-02 9.997839e-01 9.543957e+01 
9.766082e-01 2.144435e-01 1.582292e-02 5.790631e+01 -2.148656e-01 9.760777e-01 3.324404e-02 -2.700337e+00 -8.315428e-03 -3.586620e-02 9.993220e-01 9.695304e+01 
9.766082e-01 2.144435e-01 1.582292e-02 5.790631e+01 -2.148656e-01 9.760777e-01 3.324404e-02 -2.700337e+00 -8.315428e-03 -3.586620e-02 9.993220e-01 9.695304e+01 
9.766082e-01 2.144435e-01 1.582292e-02 5.790631e+01 -2.148656e-01 9.760777e-01 3.324404e-02 -2.700337e+00 -8.315428e-03 -3.586620e-02 9.993220e-01 9.695304e+01 
9.767109e-01 2.140032e-01 1.543844e-02 5.788646e+01 -2.144062e-01 9.762023e-01 3.254191e-02 -2.695154e+00 -8.106967e-03 -3.509414e-02 9.993511e-01 9.691746e+01 
9.761014e-01 2.173149e-01 6.337299e-04 5.836260e+01 -2.171859e-01 9.754131e-01 3.740955e-02 -2.705187e+00 7.511502e-03 -3.665315e-02 9.992998e-01 9.911233e+01 
9.761014e-01 2.173149e-01 6.337299e-04 5.836260e+01 -2.171859e-01 9.754131e-01 3.740955e-02 -2.705187e+00 7.511502e-03 -3.665315e-02 9.992998e-01 9.911233e+01 
9.761014e-01 2.173149e-01 6.337299e-04 5.836260e+01 -2.171859e-01 9.754131e-01 3.740955e-02 -2.705187e+00 7.511502e-03 -3.665315e-02 9.992998e-01 9.911233e+01 
9.760794e-01 2.174141e-01 4.061088e-04 5.833973e+01 -2.172788e-01 9.754025e-01 3.714638e-02 -2.701134e+00 7.680026e-03 -3.634605e-02 9.993098e-01 9.908252e+01 
9.717715e-01 2.358238e-01 6.878417e-03 5.889398e+01 -2.359024e-01 9.708734e-01 4.189123e-02 -2.741271e+00 3.200879e-03 -4.233134e-02 9.990985e-01 1.014518e+02 
9.717715e-01 2.358238e-01 6.878417e-03 5.889398e+01 -2.359024e-01 9.708734e-01 4.189123e-02 -2.741271e+00 3.200879e-03 -4.233134e-02 9.990985e-01 1.014518e+02 
9.717715e-01 2.358238e-01 6.878417e-03 5.889398e+01 -2.359024e-01 9.708734e-01 4.189123e-02 -2.741271e+00 3.200879e-03 -4.233134e-02 9.990985e-01 1.014518e+02 
9.716940e-01 2.361568e-01 6.387790e-03 5.883639e+01 -2.362164e-01 9.708213e-01 4.132667e-02 -2.734483e+00 3.558171e-03 -4.166578e-02 9.991253e-01 1.013761e+02 
9.690376e-01 2.466751e-01 1.084143e-02 5.945812e+01 -2.468803e-01 9.686908e-01 2.623304e-02 -2.759631e+00 -4.030957e-03 -2.809734e-02 9.995971e-01 1.039046e+02 
9.690376e-01 2.466751e-01 1.084143e-02 5.945812e+01 -2.468803e-01 9.686908e-01 2.623304e-02 -2.759631e+00 -4.030957e-03 -2.809734e-02 9.995971e-01 1.039046e+02 
9.690376e-01 2.466751e-01 1.084143e-02 5.945812e+01 -2.468803e-01 9.686908e-01 2.623304e-02 -2.759631e+00 -4.030957e-03 -2.809734e-02 9.995971e-01 1.039046e+02 
9.690394e-01 2.466698e-01 1.080039e-02 5.945984e+01 -2.468745e-01 9.686877e-01 2.640268e-02 -2.754439e+00 -3.949465e-03 -2.825158e-02 9.995930e-01 1.039339e+02 
9.705693e-01 2.408106e-01 -2.345596e-03 6.013608e+01 -2.406427e-01 9.701764e-01 2.913604e-02 -2.762716e+00 9.291908e-03 -2.771409e-02 9.995727e-01 1.066239e+02 
9.705693e-01 2.408106e-01 -2.345596e-03 6.013608e+01 -2.406427e-01 9.701764e-01 2.913604e-02 -2.762716e+00 9.291908e-03 -2.771409e-02 9.995727e-01 1.066239e+02 
9.705693e-01 2.408106e-01 -2.345596e-03 6.013608e+01 -2.406427e-01 9.701764e-01 2.913604e-02 -2.762716e+00 9.291908e-03 -2.771409e-02 9.995727e-01 1.066239e+02 
9.705684e-01 2.408146e-01 -2.295195e-03 6.013216e+01 -2.406473e-01 9.701727e-01 2.922146e-02 -2.765884e+00 9.263688e-03 -2.780909e-02 9.995703e-01 1.066302e+02 
9.724715e-01 2.329031e-01 7.439730e-03 6.082210e+01 -2.330200e-01 9.718388e-01 3.508563e-02 -2.808106e+00 9.413352e-04 -3.585338e-02 9.993566e-01 1.095163e+02 
9.724715e-01 2.329031e-01 7.439730e-03 6.082210e+01 -2.330200e-01 9.718388e-01 3.508563e-02 -2.808106e+00 9.413352e-04 -3.585338e-02 9.993566e-01 1.095163e+02 
9.724715e-01 2.329031e-01 7.439730e-03 6.082210e+01 -2.330200e-01 9.718388e-01 3.508563e-02 -2.808106e+00 9.413352e-04 -3.585338e-02 9.993566e-01 1.095163e+02 
9.724475e-01 2.330032e-01 7.435609e-03 6.082655e+01 -2.331191e-01 9.717866e-01 3.586438e-02 -2.800794e+00 1.130691e-03 -3.660961e-02 9.993290e-01 1.095630e+02 
9.759214e-01 2.181219e-01 4.874128e-04 6.153086e+01 -2.180443e-01 9.755095e-01 2.894698e-02 -2.828135e+00 5.838493e-03 -2.835625e-02 9.995808e-01 1.126347e+02 
9.759214e-01 2.181219e-01 4.874128e-04 6.153086e+01 -2.180443e-01 9.755095e-01 2.894698e-02 -2.828135e+00 5.838493e-03 -2.835625e-02 9.995808e-01 1.126347e+02 
9.759214e-01 2.181219e-01 4.874128e-04 6.153086e+01 -2.180443e-01 9.755095e-01 2.894698e-02 -2.828135e+00 5.838493e-03 -2.835625e-02 9.995808e-01 1.126347e+02 
9.759790e-01 2.178632e-01 8.199587e-04 6.151798e+01 -2.177959e-01 9.755692e-01 2.880236e-02 -2.840092e+00 5.475049e-03 -2.828909e-02 9.995848e-01 1.125537e+02 
