1.000000e+00 0.000000e+00 0.000000e+00 0.000000e+00 0.000000e+00 1.000000e+00 0.000000e+00 0.000000e+00 0.000000e+00 0.000000e+00 1.000000e+00 -0.000000e+00 
1.000000e+00 0.000000e+00 0.000000e+00 0.000000e+00 0.000000e+00 1.000000e+00 0.000000e+00 0.000000e+00 0.000000e+00 0.000000e+00 1.000000e+00 -0.000000e+00 
1.000000e+00 0.000000e+00 0.000000e+00 0.000000e+00 0.000000e+00 1.000000e+00 0.000000e+00 0.000000e+00 0.000000e+00 0.000000e+00 1.000000e+00 -0.000000e+00 
9.998506e-01 -1.647124e-02 -5.237791e-03 -2.885016e-02 1.647509e-02 9.998640e-01 6.924935e-04 -1.804337e-03 5.225672e-03 -7.786831e-04 9.999860e-01 2.080145e+00 
9.998506e-01 -1.647124e-02 -5.237791e-03 -2.885016e-02 1.647509e-02 9.998640e-01 6.924935e-04 -1.804337e-03 5.225672e-03 -7.786831e-04 9.999860e-01 2.080145e+00 
9.998506e-01 -1.647124e-02 -5.237791e-03 -2.885016e-02 1.647509e-02 9.998640e-01 6.924935e-04 -1.804337e-03 5.225672e-03 -7.786831e-04 9.999860e-01 2.080145e+00 
9.998506e-01 -1.647124e-02 -5.237791e-03 -2.885016e-02 1.647509e-02 9.998640e-01 6.924935e-04 -1.804337e-03 5.225672e-03 -7.786831e-04 9.999860e-01 2.080145e+00 
9.993784e-01 -3.521566e-02 -1.660774e-03 -1.226389e-01 3.522358e-02 9.993669e-01 5.003825e-03 -4.524130e-02 1.483510e-03 -5.059213e-03 9.999861e-01 6.057747e+00 
9.993784e-01 -3.521566e-02 -1.660774e-03 -1.226389e-01 3.522358e-02 9.993669e-01 5.003825e-03 -4.524130e-02 1.483510e-03 -5.059213e-03 9.999861e-01 6.057747e+00 
9.993784e-01 -3.521566e-02 -1.660774e-03 -1.226389e-01 3.522358e-02 9.993669e-01 5.003825e-03 -4.524130e-02 1.483510e-03 -5.059213e-03 9.999861e-01 6.057747e+00 
9.993784e-01 -3.521566e-02 -1.660774e-03 -1.226389e-01 3.522358e-02 9.993669e-01 5.003825e-03 -4.524130e-02 1.483510e-03 -5.059213e-03 9.999861e-01 6.057747e+00 
9.989561e-01 -4.567865e-02 -3.970884e-04 -2.651021e-01 4.567970e-02 9.989509e-01 3.249465e-03 -7.508307e-02 2.482406e-04 -3.264212e-03 9.999946e-01 9.384682e+00 
9.989561e-01 -4.567865e-02 -3.970884e-04 -2.651021e-01 4.567970e-02 9.989509e-01 3.249465e-03 -7.508307e-02 2.482406e-04 -3.264212e-03 9.999946e-01 9.384682e+00 
9.989561e-01 -4.567865e-02 -3.970884e-04 -2.651021e-01 4.567970e-02 9.989509e-01 3.249465e-03 -7.508307e-02 2.482406e-04 -3.264212e-03 9.999946e-01 9.384682e+00 
9.989561e-01 -4.567865e-02 -3.970884e-04 -2.651021e-01 4.567970e-02 9.989509e-01 3.249465e-03 -7.508307e-02 2.482406e-04 -3.264212e-03 9.999946e-01 9.384682e+00 
9.986120e-01 -5.244742e-02 -4.837358e-03 -4.467265e-01 5.246669e-02 9.986149e-01 3.945635e-03 -1.002507e-01 4.623720e-03 -4.193959e-03 9.999805e-01 1.284845e+01 
9.986120e-01 -5.244742e-02 -4.837358e-03 -4.467265e-01 5.246669e-02 9.986149e-01 3.945635e-03 -1.002507e-01 4.623720e-03 -4.193959e-03 9.999805e-01 1.284845e+01 
9.986120e-01 -5.244742e-02 -4.837358e-03 -4.467265e-01 5.246669e-02 9.986149e-01 3.945635e-03 -1.002507e-01 4.623720e-03 -4.193959e-03 9.999805e-01 1.284845e+01 
9.986120e-01 -5.244742e-02 -4.837358e-03 -4.467265e-01 5.246669e-02 9.986149e-01 3.945635e-03 -1.002507e-01 4.623720e-03 -4.193959e-03 9.999805e-01 1.284845e+01 
9.983103e-01 -5.802531e-02 -3.107688e-03 -6.580214e-01 5.804833e-02 9.982824e-01 7.917526e-03 -1.494308e-01 2.642933e-03 -8.084543e-03 9.999638e-01 1.646302e+01 
9.983103e-01 -5.802531e-02 -3.107688e-03 -6.580214e-01 5.804833e-02 9.982824e-01 7.917526e-03 -1.494308e-01 2.642933e-03 -8.084543e-03 9.999638e-01 1.646302e+01 
9.983103e-01 -5.802531e-02 -3.107688e-03 -6.580214e-01 5.804833e-02 9.982824e-01 7.917526e-03 -1.494308e-01 2.642933e-03 -8.084543e-03 9.999638e-01 1.646302e+01 
9.983103e-01 -5.802531e-02 -3.107688e-03 -6.580214e-01 5.804833e-02 9.982824e-01 7.917526e-03 -1.494308e-01 2.642933e-03 -8.084543e-03 9.999638e-01 1.646302e+01 
9.980591e-01 -6.220755e-02 -2.881488e-03 -8.929401e-01 6.222506e-02 9.980413e-01 6.450568e-03 -1.970229e-01 2.474570e-03 -6.617348e-03 9.999750e-01 2.016054e+01 
9.980591e-01 -6.220755e-02 -2.881488e-03 -8.929401e-01 6.222506e-02 9.980413e-01 6.450568e-03 -1.970229e-01 2.474570e-03 -6.617348e-03 9.999750e-01 2.016054e+01 
9.980591e-01 -6.220755e-02 -2.881488e-03 -8.929401e-01 6.222506e-02 9.980413e-01 6.450568e-03 -1.970229e-01 2.474570e-03 -6.617348e-03 9.999750e-01 2.016054e+01 
9.980591e-01 -6.220755e-02 -2.881488e-03 -8.929401e-01 6.222506e-02 9.980413e-01 6.450568e-03 -1.970229e-01 2.474570e-03 -6.617348e-03 9.999750e-01 2.016054e+01 
9.982897e-01 -5.788269e-02 8.204747e-03 -1.142468e+00 5.782291e-02 9.982998e-01 7.344761e-03 -2.450814e-01 -8.615932e-03 -6.857777e-03 9.999394e-01 2.390097e+01 
9.982897e-01 -5.788269e-02 8.204747e-03 -1.142468e+00 5.782291e-02 9.982998e-01 7.344761e-03 -2.450814e-01 -8.615932e-03 -6.857777e-03 9.999394e-01 2.390097e+01 
9.982897e-01 -5.788269e-02 8.204747e-03 -1.142468e+00 5.782291e-02 9.982998e-01 7.344761e-03 -2.450814e-01 -8.615932e-03 -6.857777e-03 9.999394e-01 2.390097e+01 
9.982897e-01 -5.788269e-02 8.204747e-03 -1.142468e+00 5.782291e-02 9.982998e-01 7.344761e-03 -2.450814e-01 -8.615932e-03 -6.857777e-03 9.999394e-01 2.390097e+01 
9.985467e-01 -5.388715e-02 -8.083200e-04 -1.374334e+00 5.389023e-02 9.985369e-01 4.461228e-03 -2.671092e-01 5.667345e-04 -4.498305e-03 9.999897e-01 2.778252e+01 
9.985467e-01 -5.388715e-02 -8.083200e-04 -1.374334e+00 5.389023e-02 9.985369e-01 4.461228e-03 -2.671092e-01 5.667345e-04 -4.498305e-03 9.999897e-01 2.778252e+01 
9.985467e-01 -5.388715e-02 -8.083200e-04 -1.374334e+00 5.389023e-02 9.985369e-01 4.461228e-03 -2.671092e-01 5.667345e-04 -4.498305e-03 9.999897e-01 2.778252e+01 
9.985467e-01 -5.388715e-02 -8.083200e-04 -1.374334e+00 5.389023e-02 9.985369e-01 4.461228e-03 -2.671092e-01 5.667345e-04 -4.498305e-03 9.999897e-01 2.778252e+01 
9.983408e-01 -5.744962e-02 3.909983e-03 -1.594974e+00 5.748345e-02 9.983043e-01 -9.174789e-03 -2.963819e-01 -3.376265e-03 9.384325e-03 9.999503e-01 3.166331e+01 
9.983408e-01 -5.744962e-02 3.909983e-03 -1.594974e+00 5.748345e-02 9.983043e-01 -9.174789e-03 -2.963819e-01 -3.376265e-03 9.384325e-03 9.999503e-01 3.166331e+01 
9.983408e-01 -5.744962e-02 3.909983e-03 -1.594974e+00 5.748345e-02 9.983043e-01 -9.174789e-03 -2.963819e-01 -3.376265e-03 9.384325e-03 9.999503e-01 3.166331e+01 
9.983408e-01 -5.744962e-02 3.909983e-03 -1.594974e+00 5.748345e-02 9.983043e-01 -9.174789e-03 -2.963819e-01 -3.376265e-03 9.384325e-03 9.999503e-01 3.166331e+01 
9.980313e-01 -6.261573e-02 3.571135e-03 -1.855013e+00 6.263194e-02 9.980260e-01 -4.623664e-03 -3.373422e-01 -3.274571e-03 4.838229e-03 9.999829e-01 3.566892e+01 
9.980313e-01 -6.261573e-02 3.571135e-03 -1.855013e+00 6.263194e-02 9.980260e-01 -4.623664e-03 -3.373422e-01 -3.274571e-03 4.838229e-03 9.999829e-01 3.566892e+01 
9.980313e-01 -6.261573e-02 3.571135e-03 -1.855013e+00 6.263194e-02 9.980260e-01 -4.623664e-03 -3.373422e-01 -3.274571e-03 4.838229e-03 9.999829e-01 3.566892e+01 
9.980313e-01 -6.261573e-02 3.571135e-03 -1.855013e+00 6.263194e-02 9.980260e-01 -4.623664e-03 -3.373422e-01 -3.274571e-03 4.838229e-03 9.999829e-01 3.566892e+01 
9.977815e-01 -6.536257e-02 1.264253e-02 -2.114686e+00 6.534559e-02 9.978612e-01 1.752412e-03 -3.697725e-01 -1.273003e-02 -9.223912e-04 9.999185e-01 3.964865e+01 
9.977815e-01 -6.536257e-02 1.264253e-02 -2.114686e+00 6.534559e-02 9.978612e-01 1.752412e-03 -3.697725e-01 -1.273003e-02 -9.223912e-04 9.999185e-01 3.964865e+01 
9.977815e-01 -6.536257e-02 1.264253e-02 -2.114686e+00 6.534559e-02 9.978612e-01 1.752412e-03 -3.697725e-01 -1.273003e-02 -9.223912e-04 9.999185e-01 3.964865e+01 
9.977815e-01 -6.536257e-02 1.264253e-02 -2.114686e+00 6.534559e-02 9.978612e-01 1.752412e-03 -3.697725e-01 -1.273003e-02 -9.223912e-04 9.999185e-01 3.964865e+01 
9.977721e-01 -6.622787e-02 8.039063e-03 -2.379947e+00 6.620187e-02 9.978003e-01 3.459344e-03 -3.768269e-01 -8.250484e-03 -2.919436e-03 9.999617e-01 4.354630e+01 
9.977721e-01 -6.622787e-02 8.039063e-03 -2.379947e+00 6.620187e-02 9.978003e-01 3.459344e-03 -3.768269e-01 -8.250484e-03 -2.919436e-03 9.999617e-01 4.354630e+01 
9.977721e-01 -6.622787e-02 8.039063e-03 -2.379947e+00 6.620187e-02 9.978003e-01 3.459344e-03 -3.768269e-01 -8.250484e-03 -2.919436e-03 9.999617e-01 4.354630e+01 
9.977721e-01 -6.622787e-02 8.039063e-03 -2.379947e+00 6.620187e-02 9.978003e-01 3.459344e-03 -3.768269e-01 -8.250484e-03 -2.919436e-03 9.999617e-01 4.354630e+01 
9.975886e-01 -6.933698e-02 3.053423e-03 -2.656880e+00 6.932788e-02 9.975894e-01 2.993687e-03 -3.920582e-01 -3.253636e-03 -2.774781e-03 9.999909e-01 4.746469e+01 
9.975886e-01 -6.933698e-02 3.053423e-03 -2.656880e+00 6.932788e-02 9.975894e-01 2.993687e-03 -3.920582e-01 -3.253636e-03 -2.774781e-03 9.999909e-01 4.746469e+01 
9.975886e-01 -6.933698e-02 3.053423e-03 -2.656880e+00 6.932788e-02 9.975894e-01 2.993687e-03 -3.920582e-01 -3.253636e-03 -2.774781e-03 9.999909e-01 4.746469e+01 
9.975886e-01 -6.933698e-02 3.053423e-03 -2.656880e+00 6.932788e-02 9.975894e-01 2.993687e-03 -3.920582e-01 -3.253636e-03 -2.774781e-03 9.999909e-01 4.746469e+01 
9.974754e-01 -7.037723e-02 9.475002e-03 -2.945721e+00 7.038567e-02 9.975197e-01 -5.607205e-04 -4.398983e-01 -9.412039e-03 1.226209e-03 9.999550e-01 5.138163e+01 
9.974754e-01 -7.037723e-02 9.475002e-03 -2.945721e+00 7.038567e-02 9.975197e-01 -5.607205e-04 -4.398983e-01 -9.412039e-03 1.226209e-03 9.999550e-01 5.138163e+01 
9.974754e-01 -7.037723e-02 9.475002e-03 -2.945721e+00 7.038567e-02 9.975197e-01 -5.607205e-04 -4.398983e-01 -9.412039e-03 1.226209e-03 9.999550e-01 5.138163e+01 
9.974754e-01 -7.037723e-02 9.475002e-03 -2.945721e+00 7.038567e-02 9.975197e-01 -5.607205e-04 -4.398983e-01 -9.412039e-03 1.226209e-03 9.999550e-01 5.138163e+01 
9.972279e-01 -7.325440e-02 1.305148e-02 -3.234185e+00 7.341521e-02 9.972256e-01 -1.229954e-02 -4.623259e-01 -1.211428e-02 1.322362e-02 9.998392e-01 5.520235e+01 
9.972279e-01 -7.325440e-02 1.305148e-02 -3.234185e+00 7.341521e-02 9.972256e-01 -1.229954e-02 -4.623259e-01 -1.211428e-02 1.322362e-02 9.998392e-01 5.520235e+01 
9.972279e-01 -7.325440e-02 1.305148e-02 -3.234185e+00 7.341521e-02 9.972256e-01 -1.229954e-02 -4.623259e-01 -1.211428e-02 1.322362e-02 9.998392e-01 5.520235e+01 
9.972279e-01 -7.325440e-02 1.305148e-02 -3.234185e+00 7.341521e-02 9.972256e-01 -1.229954e-02 -4.623259e-01 -1.211428e-02 1.322362e-02 9.998392e-01 5.520235e+01 
9.970218e-01 -7.670810e-02 7.960273e-03 -3.525983e+00 7.676981e-02 9.970186e-01 -7.760229e-03 -4.657620e-01 -7.341268e-03 8.348227e-03 9.999382e-01 5.900204e+01 
9.970218e-01 -7.670810e-02 7.960273e-03 -3.525983e+00 7.676981e-02 9.970186e-01 -7.760229e-03 -4.657620e-01 -7.341268e-03 8.348227e-03 9.999382e-01 5.900204e+01 
9.970218e-01 -7.670810e-02 7.960273e-03 -3.525983e+00 7.676981e-02 9.970186e-01 -7.760229e-03 -4.657620e-01 -7.341268e-03 8.348227e-03 9.999382e-01 5.900204e+01 
9.970218e-01 -7.670810e-02 7.960273e-03 -3.525983e+00 7.676981e-02 9.970186e-01 -7.760229e-03 -4.657620e-01 -7.341268e-03 8.348227e-03 9.999382e-01 5.900204e+01 
9.967299e-01 -8.048528e-02 7.188884e-03 -3.826109e+00 8.045415e-02 9.967481e-01 4.519384e-03 -5.108447e-01 -7.529250e-03 -3.926229e-03 9.999639e-01 6.259330e+01 
9.967299e-01 -8.048528e-02 7.188884e-03 -3.826109e+00 8.045415e-02 9.967481e-01 4.519384e-03 -5.108447e-01 -7.529250e-03 -3.926229e-03 9.999639e-01 6.259330e+01 
9.967299e-01 -8.048528e-02 7.188884e-03 -3.826109e+00 8.045415e-02 9.967481e-01 4.519384e-03 -5.108447e-01 -7.529250e-03 -3.926229e-03 9.999639e-01 6.259330e+01 
9.967299e-01 -8.048528e-02 7.188884e-03 -3.826109e+00 8.045415e-02 9.967481e-01 4.519384e-03 -5.108447e-01 -7.529250e-03 -3.926229e-03 9.999639e-01 6.259330e+01 
9.962445e-01 -8.616241e-02 8.536329e-03 -4.106938e+00 8.609650e-02 9.962562e-01 7.809055e-03 -5.452429e-01 -9.177217e-03 -7.044781e-03 9.999331e-01 6.592504e+01 
9.962445e-01 -8.616241e-02 8.536329e-03 -4.106938e+00 8.609650e-02 9.962562e-01 7.809055e-03 -5.452429e-01 -9.177217e-03 -7.044781e-03 9.999331e-01 6.592504e+01 
9.962445e-01 -8.616241e-02 8.536329e-03 -4.106938e+00 8.609650e-02 9.962562e-01 7.809055e-03 -5.452429e-01 -9.177217e-03 -7.044781e-03 9.999331e-01 6.592504e+01 
9.962445e-01 -8.616241e-02 8.536329e-03 -4.106938e+00 8.609650e-02 9.962562e-01 7.809055e-03 -5.452429e-01 -9.177217e-03 -7.044781e-03 9.999331e-01 6.592504e+01 
9.956578e-01 -9.143377e-02 1.747404e-02 -4.404972e+00 9.116815e-02 9.957158e-01 1.543840e-02 -5.630215e-01 -1.881077e-02 -1.377829e-02 9.997281e-01 6.903372e+01 
9.956578e-01 -9.143377e-02 1.747404e-02 -4.404972e+00 9.116815e-02 9.957158e-01 1.543840e-02 -5.630215e-01 -1.881077e-02 -1.377829e-02 9.997281e-01 6.903372e+01 
9.956578e-01 -9.143377e-02 1.747404e-02 -4.404972e+00 9.116815e-02 9.957158e-01 1.543840e-02 -5.630215e-01 -1.881077e-02 -1.377829e-02 9.997281e-01 6.903372e+01 
9.956578e-01 -9.143377e-02 1.747404e-02 -4.404972e+00 9.116815e-02 9.957158e-01 1.543840e-02 -5.630215e-01 -1.881077e-02 -1.377829e-02 9.997281e-01 6.903372e+01 
9.954140e-01 -9.565051e-02 -1.393507e-03 -4.688770e+00 9.566018e-02 9.952568e-01 1.769085e-02 -5.668973e-01 -3.052411e-04 -1.774302e-02 9.998425e-01 7.192710e+01 
9.954140e-01 -9.565051e-02 -1.393507e-03 -4.688770e+00 9.566018e-02 9.952568e-01 1.769085e-02 -5.668973e-01 -3.052411e-04 -1.774302e-02 9.998425e-01 7.192710e+01 
9.954140e-01 -9.565051e-02 -1.393507e-03 -4.688770e+00 9.566018e-02 9.952568e-01 1.769085e-02 -5.668973e-01 -3.052411e-04 -1.774302e-02 9.998425e-01 7.192710e+01 
9.954140e-01 -9.565051e-02 -1.393507e-03 -4.688770e+00 9.566018e-02 9.952568e-01 1.769085e-02 -5.668973e-01 -3.052411e-04 -1.774302e-02 9.998425e-01 7.192710e+01 
9.951532e-01 -9.829492e-02 -2.878985e-03 -4.971005e+00 9.831730e-02 9.951137e-01 9.083424e-03 -6.015044e-01 1.972063e-03 -9.322452e-03 9.999546e-01 7.454397e+01 
9.951532e-01 -9.829492e-02 -2.878985e-03 -4.971005e+00 9.831730e-02 9.951137e-01 9.083424e-03 -6.015044e-01 1.972063e-03 -9.322452e-03 9.999546e-01 7.454397e+01 
9.951532e-01 -9.829492e-02 -2.878985e-03 -4.971005e+00 9.831730e-02 9.951137e-01 9.083424e-03 -6.015044e-01 1.972063e-03 -9.322452e-03 9.999546e-01 7.454397e+01 
9.951532e-01 -9.829492e-02 -2.878985e-03 -4.971005e+00 9.831730e-02 9.951137e-01 9.083424e-03 -6.015044e-01 1.972063e-03 -9.322452e-03 9.999546e-01 7.454397e+01 
9.963429e-01 -8.542555e-02 -1.820774e-03 -5.197956e+00 8.544091e-02 9.962769e-01 1.149601e-02 -6.529632e-01 8.319420e-04 -1.160954e-02 9.999323e-01 7.684408e+01 
9.963429e-01 -8.542555e-02 -1.820774e-03 -5.197956e+00 8.544091e-02 9.962769e-01 1.149601e-02 -6.529632e-01 8.319420e-04 -1.160954e-02 9.999323e-01 7.684408e+01 
9.963429e-01 -8.542555e-02 -1.820774e-03 -5.197956e+00 8.544091e-02 9.962769e-01 1.149601e-02 -6.529632e-01 8.319420e-04 -1.160954e-02 9.999323e-01 7.684408e+01 
9.963429e-01 -8.542555e-02 -1.820774e-03 -5.197956e+00 8.544091e-02 9.962769e-01 1.149601e-02 -6.529632e-01 8.319420e-04 -1.160954e-02 9.999323e-01 7.684408e+01 
9.989297e-01 -4.591906e-02 5.552247e-03 -5.359211e+00 4.584852e-02 9.988736e-01 1.222712e-02 -6.905733e-01 -6.107450e-03 -1.195947e-02 9.999098e-01 7.892811e+01 
9.989297e-01 -4.591906e-02 5.552247e-03 -5.359211e+00 4.584852e-02 9.988736e-01 1.222712e-02 -6.905733e-01 -6.107450e-03 -1.195947e-02 9.999098e-01 7.892811e+01 
9.999605e-01 -5.551795e-03 6.937691e-03 -5.402688e+00 5.441112e-03 9.998592e-01 1.587216e-02 -6.980487e-01 -7.024833e-03 -1.583378e-02 9.998500e-01 7.990296e+01 
9.999605e-01 -5.551795e-03 6.937691e-03 -5.402688e+00 5.441112e-03 9.998592e-01 1.587216e-02 -6.980487e-01 -7.024833e-03 -1.583378e-02 9.998500e-01 7.990296e+01 
9.987235e-01 4.943042e-02 1.039593e-02 -5.399079e+00 -4.953037e-02 9.987266e-01 9.587015e-03 -7.143503e-01 -9.908804e-03 -1.008969e-02 9.999000e-01 8.087108e+01 
9.965264e-01 8.239491e-02 1.209226e-02 -5.376182e+00 -8.251051e-02 9.965459e-01 9.393584e-03 -7.207127e-01 -1.127651e-02 -1.035869e-02 9.998828e-01 8.132333e+01 
9.927170e-01 1.197764e-01 1.290724e-02 -5.339107e+00 -1.198995e-01 9.927432e-01 9.225320e-03 -7.250616e-01 -1.170860e-02 -1.070570e-02 9.998741e-01 8.177370e+01 
9.868216e-01 1.612683e-01 1.325477e-02 -5.283869e+00 -1.613964e-01 9.868465e-01 9.227223e-03 -7.254366e-01 -1.159236e-02 -1.124489e-02 9.998696e-01 8.220769e+01 
9.784016e-01 2.062505e-01 1.382392e-02 -5.216085e+00 -2.063899e-01 9.784233e-01 9.546338e-03 -7.241756e-01 -1.155671e-02 -1.219327e-02 9.998589e-01 8.254297e+01 
9.667396e-01 2.554404e-01 1.283344e-02 -5.135164e+00 -2.555911e-01 9.667115e-01 1.191616e-02 -7.287311e-01 -9.362368e-03 -1.479994e-02 9.998466e-01 8.296025e+01 
9.511009e-01 3.086889e-01 1.087833e-02 -5.037242e+00 -3.088132e-01 9.510389e-01 1.262871e-02 -7.342742e-01 -6.447375e-03 -1.537055e-02 9.998611e-01 8.336676e+01 
9.311463e-01 3.645203e-01 9.566188e-03 -4.926771e+00 -3.646234e-01 9.310595e-01 1.334309e-02 -7.330069e-01 -4.042865e-03 -1.591242e-02 9.998652e-01 8.374603e+01 
9.076953e-01 4.195449e-01 8.449715e-03 -4.773935e+00 -4.196272e-01 9.075787e-01 1.462608e-02 -7.384543e-01 -1.532486e-03 -1.682175e-02 9.998573e-01 8.400152e+01 
8.785577e-01 4.775829e-01 7.135363e-03 -4.619554e+00 -4.776354e-01 8.784318e-01 1.489916e-02 -7.371477e-01 8.476528e-04 -1.649787e-02 9.998635e-01 8.436177e+01 
8.448138e-01 5.350385e-01 4.843972e-03 -4.443392e+00 -5.350513e-01 8.447119e-01 1.348763e-02 -7.436688e-01 3.124639e-03 -1.398631e-02 9.998973e-01 8.471160e+01 
8.072258e-01 5.902252e-01 4.546967e-03 -4.257277e+00 -5.902305e-01 8.071354e-01 1.266696e-02 -7.612253e-01 3.806344e-03 -1.290886e-02 9.999094e-01 8.504240e+01 
7.692949e-01 6.388714e-01 5.358639e-03 -4.017520e+00 -6.388856e-01 7.692152e-01 1.153957e-02 -7.724114e-01 3.250353e-03 -1.230089e-02 9.999191e-01 8.532075e+01 
7.260673e-01 6.875697e-01 8.613411e-03 -3.786009e+00 -6.876223e-01 7.259842e-01 1.107447e-02 -7.820243e-01 1.361266e-03 -1.396358e-02 9.999016e-01 8.561919e+01 
6.807439e-01 7.324708e-01 8.622433e-03 -3.528252e+00 -7.325199e-01 6.806703e-01 1.012262e-02 -7.849554e-01 1.545487e-03 -1.320701e-02 9.999116e-01 8.589897e+01 
6.339232e-01 7.733747e-01 5.737071e-03 -3.255820e+00 -7.733912e-01 6.338757e-01 8.232094e-03 -7.976084e-01 2.729904e-03 -9.655515e-03 9.999497e-01 8.616604e+01 
5.897466e-01 8.075863e-01 1.822819e-03 -2.986751e+00 -8.075820e-01 5.897314e-01 5.313086e-03 -8.103243e-01 3.215802e-03 -4.605450e-03 9.999842e-01 8.633508e+01 
5.428136e-01 8.398448e-01 3.758965e-03 -2.686599e+00 -8.398433e-01 5.427800e-01 7.288898e-03 -8.213269e-01 4.081252e-03 -7.113455e-03 9.999664e-01 8.656029e+01 
4.956573e-01 8.684890e-01 7.118249e-03 -2.371523e+00 -8.685024e-01 4.955822e-01 1.009558e-02 -8.298796e-01 5.240218e-03 -1.118616e-02 9.999237e-01 8.676612e+01 
4.501121e-01 8.929391e-01 7.679492e-03 -2.036306e+00 -8.929412e-01 4.500084e-01 1.217947e-02 -8.393106e-01 7.419690e-03 -1.233946e-02 9.998963e-01 8.696338e+01 
4.075704e-01 9.131732e-01 1.070353e-03 -1.786908e+00 -9.131346e-01 4.075417e-01 9.748842e-03 -8.429880e-01 8.466168e-03 -4.950716e-03 9.999519e-01 8.707977e+01 
3.682555e-01 9.296498e-01 -1.179766e-02 -1.445436e+00 -9.297023e-01 3.683050e-01 2.259439e-03 -8.480484e-01 6.445625e-03 1.013626e-02 9.999279e-01 8.722808e+01 
3.330456e-01 9.428005e-01 -1.441926e-02 -1.096471e+00 -9.429048e-01 3.330587e-01 -1.553229e-03 -8.587189e-01 3.338074e-03 1.411328e-02 9.998948e-01 8.736066e+01 
3.000482e-01 9.538456e-01 -1.222964e-02 -7.440669e-01 -9.539052e-01 3.000982e-01 2.439841e-03 -8.664860e-01 5.997326e-03 1.093385e-02 9.999222e-01 8.748834e+01 
2.684229e-01 9.632993e-01 -1.916573e-03 -4.276309e-01 -9.632422e-01 2.684280e-01 1.053019e-02 -8.724008e-01 1.065819e-02 -9.804205e-04 9.999427e-01 8.759327e+01 
2.684229e-01 9.632993e-01 -1.916573e-03 -4.276309e-01 -9.632422e-01 2.684280e-01 1.053019e-02 -8.724008e-01 1.065819e-02 -9.804205e-04 9.999427e-01 8.759327e+01 
2.146616e-01 9.766869e-01 1.729447e-03 3.364255e-01 -9.765617e-01 2.146049e-01 1.649035e-02 -9.021085e-01 1.573476e-02 -5.228756e-03 9.998625e-01 8.780018e+01 
2.146616e-01 9.766869e-01 1.729447e-03 3.364255e-01 -9.765617e-01 2.146049e-01 1.649035e-02 -9.021085e-01 1.573476e-02 -5.228756e-03 9.998625e-01 8.780018e+01 
1.706137e-01 9.852293e-01 -1.463585e-02 1.216867e+00 -9.849860e-01 1.709309e-01 2.419066e-02 -8.961096e-01 2.633507e-02 1.028885e-02 9.996002e-01 8.798423e+01 
1.706137e-01 9.852293e-01 -1.463585e-02 1.216867e+00 -9.849860e-01 1.709309e-01 2.419066e-02 -8.961096e-01 2.633507e-02 1.028885e-02 9.996002e-01 8.798423e+01 
1.333120e-01 9.909722e-01 -1.421050e-02 2.082263e+00 -9.905202e-01 1.337031e-01 3.151577e-02 -9.058733e-01 3.313124e-02 9.874361e-03 9.994022e-01 8.813094e+01 
1.333120e-01 9.909722e-01 -1.421050e-02 2.082263e+00 -9.905202e-01 1.337031e-01 3.151577e-02 -9.058733e-01 3.313124e-02 9.874361e-03 9.994022e-01 8.813094e+01 
1.032284e-01 9.945916e-01 -1.146371e-02 2.978765e+00 -9.943405e-01 1.034797e-01 2.406267e-02 -9.532826e-01 2.511879e-02 8.914885e-03 9.996447e-01 8.824427e+01 
1.032284e-01 9.945916e-01 -1.146371e-02 2.978765e+00 -9.943405e-01 1.034797e-01 2.406267e-02 -9.532826e-01 2.511879e-02 8.914885e-03 9.996447e-01 8.824427e+01 
1.032284e-01 9.945916e-01 -1.146371e-02 2.978765e+00 -9.943405e-01 1.034797e-01 2.406267e-02 -9.532826e-01 2.511879e-02 8.914885e-03 9.996447e-01 8.824427e+01 
6.847569e-02 9.974428e-01 -2.046966e-02 4.490296e+00 -9.973958e-01 6.890935e-02 2.128851e-02 -1.003726e+00 2.264462e-02 1.895861e-02 9.995638e-01 8.837901e+01 
6.793027e-02 9.974917e-01 -1.989659e-02 4.446274e+00 -9.974363e-01 6.834924e-02 2.119369e-02 -1.007843e+00 2.250044e-02 1.840588e-02 9.995774e-01 8.838000e+01 
6.793027e-02 9.974917e-01 -1.989659e-02 4.446274e+00 -9.974363e-01 6.834924e-02 2.119369e-02 -1.007843e+00 2.250044e-02 1.840588e-02 9.995774e-01 8.838000e+01 
6.793027e-02 9.974917e-01 -1.989659e-02 4.446274e+00 -9.974363e-01 6.834924e-02 2.119369e-02 -1.007843e+00 2.250044e-02 1.840588e-02 9.995774e-01 8.838000e+01 
4.265422e-02 9.987550e-01 -2.586562e-02 6.707470e+00 -9.987846e-01 4.326683e-02 2.360602e-02 -1.075086e+00 2.469575e-02 2.482729e-02 9.993867e-01 8.851992e+01 
4.235089e-02 9.987859e-01 -2.516371e-02 6.734505e+00 -9.987897e-01 4.295465e-02 2.395760e-02 -1.066170e+00 2.500941e-02 2.411863e-02 9.993962e-01 8.851910e+01 
4.235089e-02 9.987859e-01 -2.516371e-02 6.734505e+00 -9.987897e-01 4.295465e-02 2.395760e-02 -1.066170e+00 2.500941e-02 2.411863e-02 9.993962e-01 8.851910e+01 
4.235089e-02 9.987859e-01 -2.516371e-02 6.734505e+00 -9.987897e-01 4.295465e-02 2.395760e-02 -1.066170e+00 2.500941e-02 2.411863e-02 9.993962e-01 8.851910e+01 
2.961582e-02 9.990340e-01 -3.246519e-02 9.287428e+00 -9.992885e-01 3.035103e-02 2.239216e-02 -1.161208e+00 2.335588e-02 3.177892e-02 9.992220e-01 8.861732e+01 
2.931861e-02 9.990828e-01 -3.120917e-02 9.236761e+00 -9.992907e-01 3.003429e-02 2.271531e-02 -1.152307e+00 2.363182e-02 3.052106e-02 9.992547e-01 8.861099e+01 
2.931861e-02 9.990828e-01 -3.120917e-02 9.236761e+00 -9.992907e-01 3.003429e-02 2.271531e-02 -1.152307e+00 2.363182e-02 3.052106e-02 9.992547e-01 8.861099e+01 
2.931861e-02 9.990828e-01 -3.120917e-02 9.236761e+00 -9.992907e-01 3.003429e-02 2.271531e-02 -1.152307e+00 2.363182e-02 3.052106e-02 9.992547e-01 8.861099e+01 
3.581202e-02 9.983953e-01 -4.386648e-02 1.206788e+01 -9.990905e-01 3.678444e-02 2.156466e-02 -1.237404e+00 2.314366e-02 4.305431e-02 9.988046e-01 8.870200e+01 
3.574931e-02 9.983878e-01 -4.408931e-02 1.205743e+01 -9.990910e-01 3.672983e-02 2.163321e-02 -1.231545e+00 2.321772e-02 4.327586e-02 9.987933e-01 8.869737e+01 
3.574931e-02 9.983878e-01 -4.408931e-02 1.205743e+01 -9.990910e-01 3.672983e-02 2.163321e-02 -1.231545e+00 2.321772e-02 4.327586e-02 9.987933e-01 8.869737e+01 
3.574931e-02 9.983878e-01 -4.408931e-02 1.205743e+01 -9.990910e-01 3.672983e-02 2.163321e-02 -1.231545e+00 2.321772e-02 4.327586e-02 9.987933e-01 8.869737e+01 
5.234781e-02 9.977150e-01 -4.271483e-02 1.515511e+01 -9.984634e-01 5.307003e-02 1.595209e-02 -1.320777e+00 1.818251e-02 4.181413e-02 9.989599e-01 8.884096e+01 
5.237780e-02 9.977276e-01 -4.238182e-02 1.513171e+01 -9.984597e-01 5.309935e-02 1.608168e-02 -1.320075e+00 1.829559e-02 4.147422e-02 9.989721e-01 8.882890e+01 
5.237780e-02 9.977276e-01 -4.238182e-02 1.513171e+01 -9.984597e-01 5.309935e-02 1.608168e-02 -1.320075e+00 1.829559e-02 4.147422e-02 9.989721e-01 8.882890e+01 
5.237780e-02 9.977276e-01 -4.238182e-02 1.513171e+01 -9.984597e-01 5.309935e-02 1.608168e-02 -1.320075e+00 1.829559e-02 4.147422e-02 9.989721e-01 8.882890e+01 
6.479287e-02 9.974164e-01 -3.102370e-02 1.841623e+01 -9.975126e-01 6.560130e-02 2.579038e-02 -1.400781e+00 2.775895e-02 2.927550e-02 9.991859e-01 8.902951e+01 
6.490950e-02 9.974142e-01 -3.084927e-02 1.840156e+01 -9.975145e-01 6.570335e-02 2.545566e-02 -1.405623e+00 2.741674e-02 2.912027e-02 9.991998e-01 8.902973e+01 
6.490950e-02 9.974142e-01 -3.084927e-02 1.840156e+01 -9.975145e-01 6.570335e-02 2.545566e-02 -1.405623e+00 2.741674e-02 2.912027e-02 9.991998e-01 8.902973e+01 
6.490950e-02 9.974142e-01 -3.084927e-02 1.840156e+01 -9.975145e-01 6.570335e-02 2.545566e-02 -1.405623e+00 2.741674e-02 2.912027e-02 9.991998e-01 8.902973e+01 
6.416689e-02 9.976593e-01 -2.363182e-02 2.171083e+01 -9.975871e-01 6.475527e-02 2.503588e-02 -1.537047e+00 2.650757e-02 2.196833e-02 9.994072e-01 8.927861e+01 
6.468153e-02 9.976045e-01 -2.452666e-02 2.168453e+01 -9.975522e-01 6.529347e-02 2.502817e-02 -1.529592e+00 2.656965e-02 2.284776e-02 9.993858e-01 8.927135e+01 
6.468153e-02 9.976045e-01 -2.452666e-02 2.168453e+01 -9.975522e-01 6.529347e-02 2.502817e-02 -1.529592e+00 2.656965e-02 2.284776e-02 9.993858e-01 8.927135e+01 
6.468153e-02 9.976045e-01 -2.452666e-02 2.168453e+01 -9.975522e-01 6.529347e-02 2.502817e-02 -1.529592e+00 2.656965e-02 2.284776e-02 9.993858e-01 8.927135e+01 
6.479065e-02 9.977880e-01 -1.487272e-02 2.499543e+01 -9.975174e-01 6.517073e-02 2.667799e-02 -1.662292e+00 2.758825e-02 1.310732e-02 9.995334e-01 8.950319e+01 
6.464969e-02 9.977961e-01 -1.494858e-02 2.495081e+01 -9.975267e-01 6.503181e-02 2.667129e-02 -1.666617e+00 2.758464e-02 1.318732e-02 9.995325e-01 8.949627e+01 
6.464969e-02 9.977961e-01 -1.494858e-02 2.495081e+01 -9.975267e-01 6.503181e-02 2.667129e-02 -1.666617e+00 2.758464e-02 1.318732e-02 9.995325e-01 8.949627e+01 
6.464969e-02 9.977961e-01 -1.494858e-02 2.495081e+01 -9.975267e-01 6.503181e-02 2.667129e-02 -1.666617e+00 2.758464e-02 1.318732e-02 9.995325e-01 8.949627e+01 
4.690606e-02 9.988932e-01 -3.494329e-03 2.822995e+01 -9.986913e-01 4.696740e-02 2.024417e-02 -1.810698e+00 2.038588e-02 2.540181e-03 9.997890e-01 8.970819e+01 
4.613659e-02 9.989273e-01 -3.964109e-03 2.819289e+01 -9.987129e-01 4.620966e-02 2.090992e-02 -1.806029e+00 2.107067e-02 2.994295e-03 9.997735e-01 8.972077e+01 
4.613659e-02 9.989273e-01 -3.964109e-03 2.819289e+01 -9.987129e-01 4.620966e-02 2.090992e-02 -1.806029e+00 2.107067e-02 2.994295e-03 9.997735e-01 8.972077e+01 
4.613659e-02 9.989273e-01 -3.964109e-03 2.819289e+01 -9.987129e-01 4.620966e-02 2.090992e-02 -1.806029e+00 2.107067e-02 2.994295e-03 9.997735e-01 8.972077e+01 
9.223726e-03 9.999487e-01 -4.194483e-03 3.143850e+01 -9.997264e-01 9.311688e-03 2.145860e-02 -1.917302e+00 2.149655e-02 3.995407e-03 9.997609e-01 8.985662e+01 
1.035758e-02 9.999357e-01 -4.620837e-03 3.132865e+01 -9.997200e-01 1.045344e-02 2.122647e-02 -1.923417e+00 2.127341e-02 4.399688e-03 9.997640e-01 8.983604e+01 
1.035758e-02 9.999357e-01 -4.620837e-03 3.132865e+01 -9.997200e-01 1.045344e-02 2.122647e-02 -1.923417e+00 2.127341e-02 4.399688e-03 9.997640e-01 8.983604e+01 
-2.278906e-02 9.997297e-01 -4.596604e-03 3.369080e+01 -9.995481e-01 -2.269429e-02 1.971176e-02 -2.016515e+00 1.960211e-02 5.043739e-03 9.997951e-01 8.985634e+01 
-2.278906e-02 9.997297e-01 -4.596604e-03 3.369080e+01 -9.995481e-01 -2.269429e-02 1.971176e-02 -2.016515e+00 1.960211e-02 5.043739e-03 9.997951e-01 8.985634e+01 
-2.297472e-02 9.997249e-01 -4.722474e-03 3.374568e+01 -9.995330e-01 -2.287459e-02 2.026264e-02 -1.999420e+00 2.014905e-02 5.185797e-03 9.997835e-01 8.984776e+01 
-5.532789e-02 9.984599e-01 -4.069523e-03 3.612683e+01 -9.982090e-01 -5.522018e-02 2.301333e-02 -2.081357e+00 2.275317e-02 5.335514e-03 9.997269e-01 8.978768e+01 
-5.532789e-02 9.984599e-01 -4.069523e-03 3.612683e+01 -9.982090e-01 -5.522018e-02 2.301333e-02 -2.081357e+00 2.275317e-02 5.335514e-03 9.997269e-01 8.978768e+01 
-5.532789e-02 9.984599e-01 -4.069523e-03 3.612683e+01 -9.982090e-01 -5.522018e-02 2.301333e-02 -2.081357e+00 2.275317e-02 5.335514e-03 9.997269e-01 8.978768e+01 
-5.411181e-02 9.985234e-01 -4.783526e-03 3.597065e+01 -9.982875e-01 -5.399117e-02 2.251513e-02 -2.081463e+00 2.222362e-02 5.993669e-03 9.997351e-01 8.976558e+01 
-9.142246e-02 9.957871e-01 -7.074425e-03 3.899523e+01 -9.955501e-01 -9.123312e-02 2.358985e-02 -2.193472e+00 2.284505e-02 9.199587e-03 9.996967e-01 8.957199e+01 
-9.142246e-02 9.957871e-01 -7.074425e-03 3.899523e+01 -9.955501e-01 -9.123312e-02 2.358985e-02 -2.193472e+00 2.284505e-02 9.199587e-03 9.996967e-01 8.957199e+01 
-9.142246e-02 9.957871e-01 -7.074425e-03 3.899523e+01 -9.955501e-01 -9.123312e-02 2.358985e-02 -2.193472e+00 2.284505e-02 9.199587e-03 9.996967e-01 8.957199e+01 
-9.241821e-02 9.957015e-01 -6.122779e-03 3.907657e+01 -9.954564e-01 -9.225042e-02 2.358770e-02 -2.199582e+00 2.292147e-02 8.274892e-03 9.997030e-01 8.958862e+01 
-1.114636e-01 9.936411e-01 -1.591414e-02 4.196223e+01 -9.936329e-01 -1.111696e-01 1.830386e-02 -2.308710e+00 1.641830e-02 1.785303e-02 9.997058e-01 8.930320e+01 
-1.114636e-01 9.936411e-01 -1.591414e-02 4.196223e+01 -9.936329e-01 -1.111696e-01 1.830386e-02 -2.308710e+00 1.641830e-02 1.785303e-02 9.997058e-01 8.930320e+01 
-1.114636e-01 9.936411e-01 -1.591414e-02 4.196223e+01 -9.936329e-01 -1.111696e-01 1.830386e-02 -2.308710e+00 1.641830e-02 1.785303e-02 9.997058e-01 8.930320e+01 
-1.110401e-01 9.936624e-01 -1.746872e-02 4.195581e+01 -9.936839e-01 -1.107217e-01 1.824642e-02 -2.309224e+00 1.619662e-02 1.938447e-02 9.996809e-01 8.930804e+01 
-1.100761e-01 9.937306e-01 -1.956452e-02 4.462563e+01 -9.937559e-01 -1.096752e-01 2.050801e-02 -2.395651e+00 1.823369e-02 2.169980e-02 9.995982e-01 8.902219e+01 
-1.100761e-01 9.937306e-01 -1.956452e-02 4.462563e+01 -9.937559e-01 -1.096752e-01 2.050801e-02 -2.395651e+00 1.823369e-02 2.169980e-02 9.995982e-01 8.902219e+01 
-1.100761e-01 9.937306e-01 -1.956452e-02 4.462563e+01 -9.937559e-01 -1.096752e-01 2.050801e-02 -2.395651e+00 1.823369e-02 2.169980e-02 9.995982e-01 8.902219e+01 
-1.096640e-01 9.937771e-01 -1.951660e-02 4.447640e+01 -9.938047e-01 -1.092680e-01 2.031784e-02 -2.397386e+00 1.805886e-02 2.162382e-02 9.996031e-01 8.901226e+01 
-7.165347e-02 9.972841e-01 -1.703777e-02 4.682104e+01 -9.972230e-01 -7.128053e-02 2.157266e-02 -2.490307e+00 2.029961e-02 1.853621e-02 9.996221e-01 8.878677e+01 
-7.165347e-02 9.972841e-01 -1.703777e-02 4.682104e+01 -9.972230e-01 -7.128053e-02 2.157266e-02 -2.490307e+00 2.029961e-02 1.853621e-02 9.996221e-01 8.878677e+01 
-3.285289e-02 9.993430e-01 -1.530708e-02 4.786860e+01 -9.991565e-01 -3.246156e-02 2.514834e-02 -2.536297e+00 2.463493e-02 1.612037e-02 9.995665e-01 8.871309e+01 
-3.294485e-02 9.993542e-01 -1.434954e-02 4.794861e+01 -9.991541e-01 -3.257789e-02 2.509647e-02 -2.533110e+00 2.461278e-02 1.516420e-02 9.995820e-01 8.871037e+01 
1.991926e-02 9.997284e-01 -1.209451e-02 4.901108e+01 -9.993477e-01 2.027324e-02 2.988701e-02 -2.572881e+00 3.012409e-02 1.149130e-02 9.994801e-01 8.869524e+01 
5.336220e-02 9.985112e-01 -1.130643e-02 4.952989e+01 -9.981234e-01 5.367521e-02 2.947347e-02 -2.590560e+00 3.003647e-02 9.712441e-03 9.995016e-01 8.870393e+01 
9.159584e-02 9.957330e-01 -1.122796e-02 5.003201e+01 -9.954024e-01 9.187088e-02 2.708825e-02 -2.614254e+00 2.800418e-02 8.695167e-03 9.995700e-01 8.872643e+01 
1.332351e-01 9.910533e-01 -7.857914e-03 5.060132e+01 -9.908024e-01 1.333822e-01 2.279802e-02 -2.648162e+00 2.364215e-02 4.748144e-03 9.997092e-01 8.878349e+01 
1.784609e-01 9.839309e-01 -5.638112e-03 5.110165e+01 -9.837613e-01 1.785356e-01 1.840660e-02 -2.673196e+00 1.911743e-02 2.261698e-03 9.998147e-01 8.884879e+01 
2.269754e-01 9.738991e-01 -1.671613e-03 5.159378e+01 -9.737821e-01 2.269742e-01 1.520038e-02 -2.695494e+00 1.518305e-02 -1.822324e-03 9.998831e-01 8.893439e+01 
2.785503e-01 9.604198e-01 1.873279e-03 5.208991e+01 -9.603373e-01 2.784995e-01 1.379101e-02 -2.712961e+00 1.272345e-02 -5.640471e-03 9.999031e-01 8.904672e+01 
3.317783e-01 9.433566e-01 1.209320e-03 5.260054e+01 -9.432691e-01 3.317294e-01 1.410635e-02 -2.724374e+00 1.290615e-02 -5.820894e-03 9.998998e-01 8.919469e+01 
3.900747e-01 9.207787e-01 -2.875046e-03 5.306954e+01 -9.206660e-01 3.900729e-01 1.473627e-02 -2.732032e+00 1.469032e-02 -3.101287e-03 9.998873e-01 8.935432e+01 
4.499393e-01 8.930375e-01 -6.212493e-03 5.352215e+01 -8.928481e-01 4.499733e-01 1.860720e-02 -2.740756e+00 1.941239e-02 -2.825298e-03 9.998076e-01 8.954155e+01 
5.085085e-01 8.609886e-01 -1.085101e-02 5.394550e+01 -8.606928e-01 5.086195e-01 2.267396e-02 -2.747566e+00 2.504106e-02 -2.190517e-03 9.996840e-01 8.976344e+01 
5.627865e-01 8.265181e-01 -1.179617e-02 5.428541e+01 -8.261399e-01 5.628917e-01 2.541268e-02 -2.767964e+00 2.764401e-02 -4.556622e-03 9.996074e-01 9.001388e+01 
6.183599e-01 7.858087e-01 -1.164625e-02 5.467656e+01 -7.853363e-01 6.184112e-01 2.854015e-02 -2.778562e+00 2.962927e-02 -8.501861e-03 9.995248e-01 9.028483e+01 
6.720228e-01 7.404048e-01 -1.364213e-02 5.506987e+01 -7.399163e-01 6.721016e-01 2.834113e-02 -2.799940e+00 3.015280e-02 -8.951854e-03 9.995052e-01 9.057759e+01 
7.196188e-01 6.942079e-01 -1.497257e-02 5.539283e+01 -6.937647e-01 7.197247e-01 2.620877e-02 -2.816714e+00 2.897046e-02 -8.472882e-03 9.995444e-01 9.090796e+01 
7.653887e-01 6.434598e-01 -1.181738e-02 5.560468e+01 -6.431278e-01 7.654151e-01 2.294052e-02 -2.829019e+00 2.380651e-02 -9.958331e-03 9.996670e-01 9.115561e+01 
8.069334e-01 5.905960e-01 -7.413226e-03 5.589806e+01 -5.904100e-01 8.069043e-01 1.792720e-02 -2.847230e+00 1.656949e-02 -1.008921e-02 9.998118e-01 9.151110e+01 
8.436564e-01 5.368800e-01 -1.924427e-03 5.616451e+01 -5.367928e-01 8.435744e-01 1.535475e-02 -2.865348e+00 9.867057e-03 -1.192112e-02 9.998803e-01 9.188796e+01 
8.751530e-01 4.838331e-01 3.564408e-03 5.642889e+01 -4.838413e-01 8.750872e-01 1.095450e-02 -2.885085e+00 2.180981e-03 -1.131147e-02 9.999336e-01 9.230715e+01 
9.018564e-01 4.319439e-01 8.915686e-03 5.660976e+01 -4.320264e-01 9.017813e-01 1.198563e-02 -2.900542e+00 -2.862877e-03 -1.466113e-02 9.998884e-01 9.263808e+01 
9.221358e-01 3.866557e-01 1.276384e-02 5.680838e+01 -3.868114e-01 9.220590e-01 1.357424e-02 -2.913200e+00 -6.520459e-03 -1.745449e-02 9.998264e-01 9.307059e+01 
9.377176e-01 3.469772e-01 1.710064e-02 5.699134e+01 -3.472725e-01 9.375665e-01 1.925686e-02 -2.923609e+00 -9.351297e-03 -2.399608e-02 9.996683e-01 9.352357e+01 
9.499783e-01 3.118835e-01 1.642794e-02 5.716500e+01 -3.122047e-01 9.497289e-01 2.330906e-02 -2.914724e+00 -8.332374e-03 -2.727198e-02 9.995933e-01 9.400485e+01 
9.597598e-01 2.803533e-01 1.622048e-02 5.725714e+01 -2.806947e-01 9.594626e-01 2.533852e-02 -2.912279e+00 -8.459203e-03 -2.887189e-02 9.995473e-01 9.435420e+01 
9.597598e-01 2.803533e-01 1.622048e-02 5.725714e+01 -2.806947e-01 9.594626e-01 2.533852e-02 -2.912279e+00 -8.459203e-03 -2.887189e-02 9.995473e-01 9.435420e+01 
9.698810e-01 2.431739e-01 1.404806e-02 5.752481e+01 -2.433961e-01 9.697749e-01 1.717762e-02 -2.922140e+00 -9.446304e-03 -2.007949e-02 9.997538e-01 9.532449e+01 
9.698810e-01 2.431739e-01 1.404806e-02 5.752481e+01 -2.433961e-01 9.697749e-01 1.717762e-02 -2.922140e+00 -9.446304e-03 -2.007949e-02 9.997538e-01 9.532449e+01 
9.699968e-01 2.427171e-01 1.394813e-02 5.749571e+01 -2.429370e-01 9.698906e-01 1.714377e-02 -2.920922e+00 -9.367073e-03 -2.001792e-02 9.997557e-01 9.524628e+01 
9.765338e-01 2.147624e-01 1.608604e-02 5.784081e+01 -2.152069e-01 9.759482e-01 3.480207e-02 -2.915091e+00 -8.224970e-03 -3.744722e-02 9.992648e-01 9.675239e+01 
9.765338e-01 2.147624e-01 1.608604e-02 5.784081e+01 -2.152069e-01 9.759482e-01 3.480207e-02 -2.915091e+00 -8.224970e-03 -3.744722e-02 9.992648e-01 9.675239e+01 
9.765338e-01 2.147624e-01 1.608604e-02 5.784081e+01 -2.152069e-01 9.759482e-01 3.480207e-02 -2.915091e+00 -8.224970e-03 -3.744722e-02 9.992648e-01 9.675239e+01 
9.766134e-01 2.144315e-01 1.566410e-02 5.784565e+01 -2.148586e-01 9.760333e-01 3.456558e-02 -2.907439e+00 -7.876730e-03 -3.712278e-02 9.992797e-01 9.677937e+01 
9.760075e-01 2.177349e-01 8.944558e-04 5.831283e+01 -2.176013e-01 9.752475e-01 3.926721e-02 -2.918798e+00 7.677525e-03 -3.851973e-02 9.992283e-01 9.896295e+01 
9.760075e-01 2.177349e-01 8.944558e-04 5.831283e+01 -2.176013e-01 9.752475e-01 3.926721e-02 -2.918798e+00 7.677525e-03 -3.851973e-02 9.992283e-01 9.896295e+01 
9.760075e-01 2.177349e-01 8.944558e-04 5.831283e+01 -2.176013e-01 9.752475e-01 3.926721e-02 -2.918798e+00 7.677525e-03 -3.851973e-02 9.992283e-01 9.896295e+01 
9.760662e-01 2.174708e-01 1.136932e-03 5.831464e+01 -2.173443e-01 9.752914e-01 3.959925e-02 -2.925133e+00 7.502841e-03 -3.889860e-02 9.992150e-01 9.894934e+01 
9.717491e-01 2.358960e-01 7.539049e-03 5.886310e+01 -2.359940e-01 9.707200e-01 4.482792e-02 -2.961497e+00 3.256422e-03 -4.534066e-02 9.989663e-01 1.013068e+02 
9.717491e-01 2.358960e-01 7.539049e-03 5.886310e+01 -2.359940e-01 9.707200e-01 4.482792e-02 -2.961497e+00 3.256422e-03 -4.534066e-02 9.989663e-01 1.013068e+02 
9.717491e-01 2.358960e-01 7.539049e-03 5.886310e+01 -2.359940e-01 9.707200e-01 4.482792e-02 -2.961497e+00 3.256422e-03 -4.534066e-02 9.989663e-01 1.013068e+02 
9.716419e-01 2.363601e-01 6.769099e-03 5.882796e+01 -2.364281e-01 9.706768e-01 4.345410e-02 -2.955123e+00 3.700209e-03 -4.382223e-02 9.990325e-01 1.012927e+02 
9.689621e-01 2.469482e-01 1.136089e-02 5.945018e+01 -2.471782e-01 9.685459e-01 2.866580e-02 -2.979670e+00 -3.924574e-03 -3.058424e-02 9.995245e-01 1.038283e+02 
9.689621e-01 2.469482e-01 1.136089e-02 5.945018e+01 -2.471782e-01 9.685459e-01 2.866580e-02 -2.979670e+00 -3.924574e-03 -3.058424e-02 9.995245e-01 1.038283e+02 
9.689621e-01 2.469482e-01 1.136089e-02 5.945018e+01 -2.471782e-01 9.685459e-01 2.866580e-02 -2.979670e+00 -3.924574e-03 -3.058424e-02 9.995245e-01 1.038283e+02 
9.690916e-01 2.464462e-01 1.121317e-02 5.944305e+01 -2.466689e-01 9.686991e-01 2.786661e-02 -2.979101e+00 -3.994562e-03 -2.977124e-02 9.995488e-01 1.037964e+02 
9.706266e-01 2.405843e-01 -1.773155e-03 6.011965e+01 -2.404109e-01 9.701596e-01 3.151023e-02 -2.984510e+00 9.301109e-03 -3.015838e-02 9.995019e-01 1.064969e+02 
9.706266e-01 2.405843e-01 -1.773155e-03 6.011965e+01 -2.404109e-01 9.701596e-01 3.151023e-02 -2.984510e+00 9.301109e-03 -3.015838e-02 9.995019e-01 1.064969e+02 
9.706266e-01 2.405843e-01 -1.773155e-03 6.011965e+01 -2.404109e-01 9.701596e-01 3.151023e-02 -2.984510e+00 9.301109e-03 -3.015838e-02 9.995019e-01 1.064969e+02 
9.705022e-01 2.410866e-01 -1.664609e-03 6.010590e+01 -2.409076e-01 9.700056e-01 3.244382e-02 -2.985424e+00 9.436450e-03 -3.108578e-02 9.994722e-01 1.065056e+02 
9.723944e-01 2.332069e-01 7.984838e-03 6.079857e+01 -2.333410e-01 9.716535e-01 3.796577e-02 -3.025977e+00 1.095383e-03 -3.878089e-02 9.992471e-01 1.094052e+02 
9.723944e-01 2.332069e-01 7.984838e-03 6.079857e+01 -2.333410e-01 9.716535e-01 3.796577e-02 -3.025977e+00 1.095383e-03 -3.878089e-02 9.992471e-01 1.094052e+02 
9.723944e-01 2.332069e-01 7.984838e-03 6.079857e+01 -2.333410e-01 9.716535e-01 3.796577e-02 -3.025977e+00 1.095383e-03 -3.878089e-02 9.992471e-01 1.094052e+02 
9.724711e-01 2.328940e-01 7.773600e-03 6.080660e+01 -2.330196e-01 9.717167e-01 3.832066e-02 -3.026085e+00 1.370913e-03 -3.907713e-02 9.992353e-01 1.094078e+02 
9.758963e-01 2.182325e-01 9.732929e-04 6.150750e+01 -2.181536e-01 9.754027e-01 3.159986e-02 -3.057268e+00 5.946765e-03 -3.105052e-02 9.995001e-01 1.124798e+02 
9.758963e-01 2.182325e-01 9.732929e-04 6.150750e+01 -2.181536e-01 9.754027e-01 3.159986e-02 -3.057268e+00 5.946765e-03 -3.105052e-02 9.995001e-01 1.124798e+02 
9.758963e-01 2.182325e-01 9.732929e-04 6.150750e+01 -2.181536e-01 9.754027e-01 3.159986e-02 -3.057268e+00 5.946765e-03 -3.105052e-02 9.995001e-01 1.124798e+02 
9.759369e-01 2.180506e-01 9.996031e-04 6.149032e+01 -2.179753e-01 9.754568e-01 3.115688e-02 -3.053683e+00 5.818708e-03 -3.062504e-02 9.995140e-01 1.124094e+02 
