1.000000e+00 0.000000e+00 0.000000e+00 0.000000e+00 0.000000e+00 1.000000e+00 0.000000e+00 0.000000e+00 0.000000e+00 0.000000e+00 1.000000e+00 -0.000000e+00 
1.000000e+00 0.000000e+00 0.000000e+00 0.000000e+00 0.000000e+00 1.000000e+00 0.000000e+00 0.000000e+00 0.000000e+00 0.000000e+00 1.000000e+00 -0.000000e+00 
1.000000e+00 0.000000e+00 0.000000e+00 0.000000e+00 0.000000e+00 1.000000e+00 0.000000e+00 0.000000e+00 0.000000e+00 0.000000e+00 1.000000e+00 -0.000000e+00 
9.998247e-01 -1.783218e-02 -5.704412e-03 -2.217597e-02 1.785812e-02 9.998303e-01 4.529907e-03 -1.392558e-03 5.622666e-03 -4.630983e-03 9.999735e-01 2.080803e+00 
9.998247e-01 -1.783218e-02 -5.704412e-03 -2.217597e-02 1.785812e-02 9.998303e-01 4.529907e-03 -1.392558e-03 5.622666e-03 -4.630983e-03 9.999735e-01 2.080803e+00 
9.998247e-01 -1.783218e-02 -5.704412e-03 -2.217597e-02 1.785812e-02 9.998303e-01 4.529907e-03 -1.392558e-03 5.622666e-03 -4.630983e-03 9.999735e-01 2.080803e+00 
9.998247e-01 -1.783218e-02 -5.704412e-03 -2.217597e-02 1.785812e-02 9.998303e-01 4.529907e-03 -1.392558e-03 5.622666e-03 -4.630983e-03 9.999735e-01 2.080803e+00 
9.993659e-01 -3.555979e-02 -1.838403e-03 -1.209061e-01 3.556939e-02 9.993522e-01 5.483349e-03 -4.430397e-02 1.642225e-03 -5.545263e-03 9.999833e-01 6.053865e+00 
9.993659e-01 -3.555979e-02 -1.838403e-03 -1.209061e-01 3.556939e-02 9.993522e-01 5.483349e-03 -4.430397e-02 1.642225e-03 -5.545263e-03 9.999833e-01 6.053865e+00 
9.993659e-01 -3.555979e-02 -1.838403e-03 -1.209061e-01 3.556939e-02 9.993522e-01 5.483349e-03 -4.430397e-02 1.642225e-03 -5.545263e-03 9.999833e-01 6.053865e+00 
9.993659e-01 -3.555979e-02 -1.838403e-03 -1.209061e-01 3.556939e-02 9.993522e-01 5.483349e-03 -4.430397e-02 1.642225e-03 -5.545263e-03 9.999833e-01 6.053865e+00 
9.989394e-01 -4.604204e-02 -4.161407e-04 -2.625071e-01 4.604321e-02 9.989334e-01 3.469766e-03 -7.818713e-02 2.559418e-04 -3.485247e-03 9.999939e-01 9.380585e+00 
9.989394e-01 -4.604204e-02 -4.161407e-04 -2.625071e-01 4.604321e-02 9.989334e-01 3.469766e-03 -7.818713e-02 2.559418e-04 -3.485247e-03 9.999939e-01 9.380585e+00 
9.989394e-01 -4.604204e-02 -4.161407e-04 -2.625071e-01 4.604321e-02 9.989334e-01 3.469766e-03 -7.818713e-02 2.559418e-04 -3.485247e-03 9.999939e-01 9.380585e+00 
9.989394e-01 -4.604204e-02 -4.161407e-04 -2.625071e-01 4.604321e-02 9.989334e-01 3.469766e-03 -7.818713e-02 2.559418e-04 -3.485247e-03 9.999939e-01 9.380585e+00 
9.986005e-01 -5.266037e-02 -4.884278e-03 -4.426942e-01 5.268059e-02 9.986030e-01 4.107562e-03 -1.040295e-01 4.661148e-03 -4.359120e-03 9.999796e-01 1.283188e+01 
9.986005e-01 -5.266037e-02 -4.884278e-03 -4.426942e-01 5.268059e-02 9.986030e-01 4.107562e-03 -1.040295e-01 4.661148e-03 -4.359120e-03 9.999796e-01 1.283188e+01 
9.986005e-01 -5.266037e-02 -4.884278e-03 -4.426942e-01 5.268059e-02 9.986030e-01 4.107562e-03 -1.040295e-01 4.661148e-03 -4.359120e-03 9.999796e-01 1.283188e+01 
9.986005e-01 -5.266037e-02 -4.884278e-03 -4.426942e-01 5.268059e-02 9.986030e-01 4.107562e-03 -1.040295e-01 4.661148e-03 -4.359120e-03 9.999796e-01 1.283188e+01 
9.982954e-01 -5.828193e-02 -3.094290e-03 -6.518331e-01 5.830402e-02 9.982699e-01 7.609178e-03 -1.529068e-01 2.645459e-03 -7.776617e-03 9.999663e-01 1.642189e+01 
9.982954e-01 -5.828193e-02 -3.094290e-03 -6.518331e-01 5.830402e-02 9.982699e-01 7.609178e-03 -1.529068e-01 2.645459e-03 -7.776617e-03 9.999663e-01 1.642189e+01 
9.982954e-01 -5.828193e-02 -3.094290e-03 -6.518331e-01 5.830402e-02 9.982699e-01 7.609178e-03 -1.529068e-01 2.645459e-03 -7.776617e-03 9.999663e-01 1.642189e+01 
9.982954e-01 -5.828193e-02 -3.094290e-03 -6.518331e-01 5.830402e-02 9.982699e-01 7.609178e-03 -1.529068e-01 2.645459e-03 -7.776617e-03 9.999663e-01 1.642189e+01 
9.980571e-01 -6.223439e-02 -2.977085e-03 -8.899516e-01 6.225093e-02 9.980435e-01 5.831320e-03 -1.981292e-01 2.608352e-03 -6.005317e-03 9.999786e-01 2.010393e+01 
9.980571e-01 -6.223439e-02 -2.977085e-03 -8.899516e-01 6.225093e-02 9.980435e-01 5.831320e-03 -1.981292e-01 2.608352e-03 -6.005317e-03 9.999786e-01 2.010393e+01 
9.980571e-01 -6.223439e-02 -2.977085e-03 -8.899516e-01 6.225093e-02 9.980435e-01 5.831320e-03 -1.981292e-01 2.608352e-03 -6.005317e-03 9.999786e-01 2.010393e+01 
9.980571e-01 -6.223439e-02 -2.977085e-03 -8.899516e-01 6.225093e-02 9.980435e-01 5.831320e-03 -1.981292e-01 2.608352e-03 -6.005317e-03 9.999786e-01 2.010393e+01 
9.982806e-01 -5.803566e-02 8.224244e-03 -1.136227e+00 5.798124e-02 9.982951e-01 6.707894e-03 -2.487032e-01 -8.599519e-03 -6.219508e-03 9.999437e-01 2.384034e+01 
9.982806e-01 -5.803566e-02 8.224244e-03 -1.136227e+00 5.798124e-02 9.982951e-01 6.707894e-03 -2.487032e-01 -8.599519e-03 -6.219508e-03 9.999437e-01 2.384034e+01 
9.982806e-01 -5.803566e-02 8.224244e-03 -1.136227e+00 5.798124e-02 9.982951e-01 6.707894e-03 -2.487032e-01 -8.599519e-03 -6.219508e-03 9.999437e-01 2.384034e+01 
9.982806e-01 -5.803566e-02 8.224244e-03 -1.136227e+00 5.798124e-02 9.982951e-01 6.707894e-03 -2.487032e-01 -8.599519e-03 -6.219508e-03 9.999437e-01 2.384034e+01 
9.985338e-01 -5.412465e-02 -8.824755e-04 -1.362216e+00 5.412676e-02 9.985308e-01 2.572138e-03 -2.599839e-01 7.419628e-04 -2.616132e-03 9.999963e-01 2.773882e+01 
9.985338e-01 -5.412465e-02 -8.824755e-04 -1.362216e+00 5.412676e-02 9.985308e-01 2.572138e-03 -2.599839e-01 7.419628e-04 -2.616132e-03 9.999963e-01 2.773882e+01 
9.985338e-01 -5.412465e-02 -8.824755e-04 -1.362216e+00 5.412676e-02 9.985308e-01 2.572138e-03 -2.599839e-01 7.419628e-04 -2.616132e-03 9.999963e-01 2.773882e+01 
9.985338e-01 -5.412465e-02 -8.824755e-04 -1.362216e+00 5.412676e-02 9.985308e-01 2.572138e-03 -2.599839e-01 7.419628e-04 -2.616132e-03 9.999963e-01 2.773882e+01 
9.983104e-01 -5.798179e-02 3.789831e-03 -1.588274e+00 5.802418e-02 9.982401e-01 -1.224294e-02 -2.836554e-01 -3.073294e-03 1.244216e-02 9.999179e-01 3.161124e+01 
9.983104e-01 -5.798179e-02 3.789831e-03 -1.588274e+00 5.802418e-02 9.982401e-01 -1.224294e-02 -2.836554e-01 -3.073294e-03 1.244216e-02 9.999179e-01 3.161124e+01 
9.983104e-01 -5.798179e-02 3.789831e-03 -1.588274e+00 5.802418e-02 9.982401e-01 -1.224294e-02 -2.836554e-01 -3.073294e-03 1.244216e-02 9.999179e-01 3.161124e+01 
9.983104e-01 -5.798179e-02 3.789831e-03 -1.588274e+00 5.802418e-02 9.982401e-01 -1.224294e-02 -2.836554e-01 -3.073294e-03 1.244216e-02 9.999179e-01 3.161124e+01 
9.980136e-01 -6.290039e-02 3.528326e-03 -1.842029e+00 6.292088e-02 9.980003e-01 -6.032030e-03 -3.372778e-01 -3.141854e-03 6.242053e-03 9.999756e-01 3.556285e+01 
9.980136e-01 -6.290039e-02 3.528326e-03 -1.842029e+00 6.292088e-02 9.980003e-01 -6.032030e-03 -3.372778e-01 -3.141854e-03 6.242053e-03 9.999756e-01 3.556285e+01 
9.980136e-01 -6.290039e-02 3.528326e-03 -1.842029e+00 6.292088e-02 9.980003e-01 -6.032030e-03 -3.372778e-01 -3.141854e-03 6.242053e-03 9.999756e-01 3.556285e+01 
9.980136e-01 -6.290039e-02 3.528326e-03 -1.842029e+00 6.292088e-02 9.980003e-01 -6.032030e-03 -3.372778e-01 -3.141854e-03 6.242053e-03 9.999756e-01 3.556285e+01 
9.977484e-01 -6.589264e-02 1.249927e-02 -2.107712e+00 6.589700e-02 9.978264e-01 6.360348e-05 -3.593515e-01 -1.247629e-02 7.602040e-04 9.999219e-01 3.961567e+01 
9.977484e-01 -6.589264e-02 1.249927e-02 -2.107712e+00 6.589700e-02 9.978264e-01 6.360348e-05 -3.593515e-01 -1.247629e-02 7.602040e-04 9.999219e-01 3.961567e+01 
9.977484e-01 -6.589264e-02 1.249927e-02 -2.107712e+00 6.589700e-02 9.978264e-01 6.360348e-05 -3.593515e-01 -1.247629e-02 7.602040e-04 9.999219e-01 3.961567e+01 
9.977484e-01 -6.589264e-02 1.249927e-02 -2.107712e+00 6.589700e-02 9.978264e-01 6.360348e-05 -3.593515e-01 -1.247629e-02 7.602040e-04 9.999219e-01 3.961567e+01 
9.977524e-01 -6.651598e-02 8.107396e-03 -2.381923e+00 6.650200e-02 9.977843e-01 1.981522e-03 -3.813414e-01 -8.221235e-03 -1.437911e-03 9.999652e-01 4.356419e+01 
9.977524e-01 -6.651598e-02 8.107396e-03 -2.381923e+00 6.650200e-02 9.977843e-01 1.981522e-03 -3.813414e-01 -8.221235e-03 -1.437911e-03 9.999652e-01 4.356419e+01 
9.977524e-01 -6.651598e-02 8.107396e-03 -2.381923e+00 6.650200e-02 9.977843e-01 1.981522e-03 -3.813414e-01 -8.221235e-03 -1.437911e-03 9.999652e-01 4.356419e+01 
9.977524e-01 -6.651598e-02 8.107396e-03 -2.381923e+00 6.650200e-02 9.977843e-01 1.981522e-03 -3.813414e-01 -8.221235e-03 -1.437911e-03 9.999652e-01 4.356419e+01 
9.975414e-01 -7.001911e-02 2.915911e-03 -2.667496e+00 7.001428e-02 9.975445e-01 1.724626e-03 -3.944441e-01 -3.029508e-03 -1.516230e-03 9.999943e-01 4.748758e+01 
9.975414e-01 -7.001911e-02 2.915911e-03 -2.667496e+00 7.001428e-02 9.975445e-01 1.724626e-03 -3.944441e-01 -3.029508e-03 -1.516230e-03 9.999943e-01 4.748758e+01 
9.975414e-01 -7.001911e-02 2.915911e-03 -2.667496e+00 7.001428e-02 9.975445e-01 1.724626e-03 -3.944441e-01 -3.029508e-03 -1.516230e-03 9.999943e-01 4.748758e+01 
9.975414e-01 -7.001911e-02 2.915911e-03 -2.667496e+00 7.001428e-02 9.975445e-01 1.724626e-03 -3.944441e-01 -3.029508e-03 -1.516230e-03 9.999943e-01 4.748758e+01 
9.974451e-01 -7.080669e-02 9.473059e-03 -2.949656e+00 7.083021e-02 9.974860e-01 -2.170609e-03 -4.371787e-01 -9.295550e-03 2.836042e-03 9.999528e-01 5.138386e+01 
9.974451e-01 -7.080669e-02 9.473059e-03 -2.949656e+00 7.083021e-02 9.974860e-01 -2.170609e-03 -4.371787e-01 -9.295550e-03 2.836042e-03 9.999528e-01 5.138386e+01 
9.974451e-01 -7.080669e-02 9.473059e-03 -2.949656e+00 7.083021e-02 9.974860e-01 -2.170609e-03 -4.371787e-01 -9.295550e-03 2.836042e-03 9.999528e-01 5.138386e+01 
9.974451e-01 -7.080669e-02 9.473059e-03 -2.949656e+00 7.083021e-02 9.974860e-01 -2.170609e-03 -4.371787e-01 -9.295550e-03 2.836042e-03 9.999528e-01 5.138386e+01 
9.971926e-01 -7.378295e-02 1.276697e-02 -3.241810e+00 7.394961e-02 9.971757e-01 -1.311463e-02 -4.562055e-01 -1.176327e-02 1.402192e-02 9.998325e-01 5.522852e+01 
9.971926e-01 -7.378295e-02 1.276697e-02 -3.241810e+00 7.394961e-02 9.971757e-01 -1.311463e-02 -4.562055e-01 -1.176327e-02 1.402192e-02 9.998325e-01 5.522852e+01 
9.971926e-01 -7.378295e-02 1.276697e-02 -3.241810e+00 7.394961e-02 9.971757e-01 -1.311463e-02 -4.562055e-01 -1.176327e-02 1.402192e-02 9.998325e-01 5.522852e+01 
9.971926e-01 -7.378295e-02 1.276697e-02 -3.241810e+00 7.394961e-02 9.971757e-01 -1.311463e-02 -4.562055e-01 -1.176327e-02 1.402192e-02 9.998325e-01 5.522852e+01 
9.969992e-01 -7.701779e-02 7.804027e-03 -3.529743e+00 7.707809e-02 9.969950e-01 -7.744112e-03 -4.646192e-01 -7.184141e-03 8.322393e-03 9.999396e-01 5.894473e+01 
9.969992e-01 -7.701779e-02 7.804027e-03 -3.529743e+00 7.707809e-02 9.969950e-01 -7.744112e-03 -4.646192e-01 -7.184141e-03 8.322393e-03 9.999396e-01 5.894473e+01 
9.969992e-01 -7.701779e-02 7.804027e-03 -3.529743e+00 7.707809e-02 9.969950e-01 -7.744112e-03 -4.646192e-01 -7.184141e-03 8.322393e-03 9.999396e-01 5.894473e+01 
9.969992e-01 -7.701779e-02 7.804027e-03 -3.529743e+00 7.707809e-02 9.969950e-01 -7.744112e-03 -4.646192e-01 -7.184141e-03 8.322393e-03 9.999396e-01 5.894473e+01 
9.966659e-01 -8.126886e-02 7.237493e-03 -3.830302e+00 8.125758e-02 9.966914e-01 1.839609e-03 -5.008124e-01 -7.363050e-03 -1.245374e-03 9.999721e-01 6.255850e+01 
9.966659e-01 -8.126886e-02 7.237493e-03 -3.830302e+00 8.125758e-02 9.966914e-01 1.839609e-03 -5.008124e-01 -7.363050e-03 -1.245374e-03 9.999721e-01 6.255850e+01 
9.966659e-01 -8.126886e-02 7.237493e-03 -3.830302e+00 8.125758e-02 9.966914e-01 1.839609e-03 -5.008124e-01 -7.363050e-03 -1.245374e-03 9.999721e-01 6.255850e+01 
9.966659e-01 -8.126886e-02 7.237493e-03 -3.830302e+00 8.125758e-02 9.966914e-01 1.839609e-03 -5.008124e-01 -7.363050e-03 -1.245374e-03 9.999721e-01 6.255850e+01 
9.962103e-01 -8.659103e-02 8.192491e-03 -4.112519e+00 8.653554e-02 9.962249e-01 6.901601e-03 -5.443171e-01 -8.759180e-03 -6.166504e-03 9.999426e-01 6.593961e+01 
9.962103e-01 -8.659103e-02 8.192491e-03 -4.112519e+00 8.653554e-02 9.962249e-01 6.901601e-03 -5.443171e-01 -8.759180e-03 -6.166504e-03 9.999426e-01 6.593961e+01 
9.962103e-01 -8.659103e-02 8.192491e-03 -4.112519e+00 8.653554e-02 9.962249e-01 6.901601e-03 -5.443171e-01 -8.759180e-03 -6.166504e-03 9.999426e-01 6.593961e+01 
9.962103e-01 -8.659103e-02 8.192491e-03 -4.112519e+00 8.653554e-02 9.962249e-01 6.901601e-03 -5.443171e-01 -8.759180e-03 -6.166504e-03 9.999426e-01 6.593961e+01 
9.956128e-01 -9.194689e-02 1.734876e-02 -4.419826e+00 9.170924e-02 9.956870e-01 1.403112e-02 -5.620757e-01 -1.856405e-02 -1.237852e-02 9.997510e-01 6.910452e+01 
9.956128e-01 -9.194689e-02 1.734876e-02 -4.419826e+00 9.170924e-02 9.956870e-01 1.403112e-02 -5.620757e-01 -1.856405e-02 -1.237852e-02 9.997510e-01 6.910452e+01 
9.956128e-01 -9.194689e-02 1.734876e-02 -4.419826e+00 9.170924e-02 9.956870e-01 1.403112e-02 -5.620757e-01 -1.856405e-02 -1.237852e-02 9.997510e-01 6.910452e+01 
9.956128e-01 -9.194689e-02 1.734876e-02 -4.419826e+00 9.170924e-02 9.956870e-01 1.403112e-02 -5.620757e-01 -1.856405e-02 -1.237852e-02 9.997510e-01 6.910452e+01 
9.953573e-01 -9.623799e-02 -1.416835e-03 -4.707524e+00 9.624823e-02 9.952190e-01 1.659828e-02 -5.753895e-01 -1.873236e-04 -1.665759e-02 9.998612e-01 7.195979e+01 
9.953573e-01 -9.623799e-02 -1.416835e-03 -4.707524e+00 9.624823e-02 9.952190e-01 1.659828e-02 -5.753895e-01 -1.873236e-04 -1.665759e-02 9.998612e-01 7.195979e+01 
9.953573e-01 -9.623799e-02 -1.416835e-03 -4.707524e+00 9.624823e-02 9.952190e-01 1.659828e-02 -5.753895e-01 -1.873236e-04 -1.665759e-02 9.998612e-01 7.195979e+01 
9.953573e-01 -9.623799e-02 -1.416835e-03 -4.707524e+00 9.624823e-02 9.952190e-01 1.659828e-02 -5.753895e-01 -1.873236e-04 -1.665759e-02 9.998612e-01 7.195979e+01 
9.950581e-01 -9.925695e-02 -2.723395e-03 -4.976894e+00 9.927390e-02 9.950354e-01 7.022108e-03 -6.147772e-01 2.012882e-03 -7.257767e-03 9.999716e-01 7.453856e+01 
9.950581e-01 -9.925695e-02 -2.723395e-03 -4.976894e+00 9.927390e-02 9.950354e-01 7.022108e-03 -6.147772e-01 2.012882e-03 -7.257767e-03 9.999716e-01 7.453856e+01 
9.950581e-01 -9.925695e-02 -2.723395e-03 -4.976894e+00 9.927390e-02 9.950354e-01 7.022108e-03 -6.147772e-01 2.012882e-03 -7.257767e-03 9.999716e-01 7.453856e+01 
9.950581e-01 -9.925695e-02 -2.723395e-03 -4.976894e+00 9.927390e-02 9.950354e-01 7.022108e-03 -6.147772e-01 2.012882e-03 -7.257767e-03 9.999716e-01 7.453856e+01 
9.962730e-01 -8.623823e-02 -1.769724e-03 -5.215061e+00 8.624966e-02 9.962418e-01 7.949065e-03 -6.482535e-01 1.077560e-03 -8.072077e-03 9.999668e-01 7.683306e+01 
9.962730e-01 -8.623823e-02 -1.769724e-03 -5.215061e+00 8.624966e-02 9.962418e-01 7.949065e-03 -6.482535e-01 1.077560e-03 -8.072077e-03 9.999668e-01 7.683306e+01 
9.962730e-01 -8.623823e-02 -1.769724e-03 -5.215061e+00 8.624966e-02 9.962418e-01 7.949065e-03 -6.482535e-01 1.077560e-03 -8.072077e-03 9.999668e-01 7.683306e+01 
9.962730e-01 -8.623823e-02 -1.769724e-03 -5.215061e+00 8.624966e-02 9.962418e-01 7.949065e-03 -6.482535e-01 1.077560e-03 -8.072077e-03 9.999668e-01 7.683306e+01 
9.988933e-01 -4.667973e-02 5.753607e-03 -5.377323e+00 4.663110e-02 9.988776e-01 8.316235e-03 -6.924726e-01 -6.135349e-03 -8.038735e-03 9.999489e-01 7.894206e+01 
9.988933e-01 -4.667973e-02 5.753607e-03 -5.377323e+00 4.663110e-02 9.988776e-01 8.316235e-03 -6.924726e-01 -6.135349e-03 -8.038735e-03 9.999489e-01 7.894206e+01 
9.999529e-01 -6.459536e-03 7.244910e-03 -5.419113e+00 6.373568e-03 9.999097e-01 1.182693e-02 -7.006044e-01 -7.320653e-03 -1.178020e-02 9.999038e-01 7.991207e+01 
9.999529e-01 -6.459536e-03 7.244910e-03 -5.419113e+00 6.373568e-03 9.999097e-01 1.182693e-02 -7.006044e-01 -7.320653e-03 -1.178020e-02 9.999038e-01 7.991207e+01 
9.987546e-01 4.876881e-02 1.052879e-02 -5.409793e+00 -4.883894e-02 9.987855e-01 6.509875e-03 -7.159266e-01 -1.019853e-02 -7.015983e-03 9.999234e-01 8.083194e+01 
9.965869e-01 8.162890e-02 1.229909e-02 -5.386543e+00 -8.171015e-02 9.966365e-01 6.254600e-03 -7.213046e-01 -1.174717e-02 -7.238213e-03 9.999048e-01 8.129043e+01 
9.927961e-01 1.191084e-01 1.300776e-02 -5.350960e+00 -1.191961e-01 9.928515e-01 6.185955e-03 -7.247073e-01 -1.217797e-02 -7.691865e-03 9.998963e-01 8.173855e+01 
9.869090e-01 1.607195e-01 1.341165e-02 -5.304749e+00 -1.608120e-01 9.869661e-01 6.118565e-03 -7.267808e-01 -1.225347e-02 -8.195221e-03 9.998913e-01 8.216423e+01 
9.785716e-01 2.054309e-01 1.398883e-02 -5.222706e+00 -2.055384e-01 9.786260e-01 6.722033e-03 -7.375525e-01 -1.230892e-02 -9.453234e-03 9.998796e-01 8.251079e+01 
9.669922e-01 2.544788e-01 1.290935e-02 -5.139431e+00 -2.546021e-01 9.670041e-01 8.996563e-03 -7.426584e-01 -1.019396e-02 -1.198635e-02 9.998762e-01 8.293269e+01 
9.514375e-01 3.076482e-01 1.091993e-02 -5.035023e+00 -3.077563e-01 9.514110e-01 1.016155e-02 -7.457354e-01 -7.263164e-03 -1.302875e-02 9.998887e-01 8.334715e+01 
9.315175e-01 3.635628e-01 9.859648e-03 -4.917493e+00 -3.636545e-01 9.314794e-01 1.007250e-02 -7.517973e-01 -5.522073e-03 -1.296822e-02 9.999007e-01 8.374684e+01 
9.079307e-01 4.190296e-01 8.713843e-03 -4.787041e+00 -4.191098e-01 9.078585e-01 1.182692e-02 -7.480394e-01 -2.955107e-03 -1.439008e-02 9.998921e-01 8.395111e+01 
8.787706e-01 4.771846e-01 7.550294e-03 -4.635157e+00 -4.772435e-01 8.786889e-01 1.202113e-02 -7.485835e-01 -8.980631e-04 -1.416714e-02 9.998992e-01 8.430997e+01 
8.451893e-01 5.344451e-01 4.849273e-03 -4.455395e+00 -5.344649e-01 8.451248e-01 1.055078e-02 -7.491439e-01 1.540574e-03 -1.150918e-02 9.999326e-01 8.465998e+01 
8.078322e-01 5.893962e-01 4.391404e-03 -4.267091e+00 -5.894073e-01 8.077712e-01 1.023489e-02 -7.610149e-01 2.485155e-03 -1.085640e-02 9.999380e-01 8.499375e+01 
7.699669e-01 6.380526e-01 6.307428e-03 -4.032308e+00 -6.380837e-01 7.699233e-01 8.207955e-03 -7.880485e-01 3.808710e-04 -1.034452e-02 9.999464e-01 8.526868e+01 
7.271888e-01 6.863750e-01 9.261832e-03 -3.797321e+00 -6.864363e-01 7.271464e-01 7.950356e-03 -7.928500e-01 -1.277782e-03 -1.213907e-02 9.999255e-01 8.556255e+01 
6.820438e-01 7.312435e-01 9.961243e-03 -3.541426e+00 -7.313088e-01 6.820143e-01 6.628976e-03 -8.037202e-01 -1.946315e-03 -1.180600e-02 9.999284e-01 8.584007e+01 
6.352380e-01 7.722879e-01 6.635347e-03 -3.264857e+00 -7.723164e-01 6.352182e-01 5.027236e-03 -8.075098e-01 -3.324188e-04 -8.318078e-03 9.999653e-01 8.611003e+01 
5.906932e-01 8.068942e-01 1.805185e-03 -3.010213e+00 -8.068958e-01 5.906890e-01 2.387886e-03 -8.127795e-01 8.604686e-04 -2.867105e-03 9.999955e-01 8.627283e+01 
5.437189e-01 8.392591e-01 3.727335e-03 -2.713178e+00 -8.392658e-01 5.437038e-01 4.367050e-03 -8.232248e-01 1.638520e-03 -5.502673e-03 9.999835e-01 8.649874e+01 
4.965250e-01 8.679932e-01 7.122715e-03 -2.398756e+00 -8.680184e-01 4.964810e-01 7.127428e-03 -8.313800e-01 2.650266e-03 -9.721594e-03 9.999492e-01 8.670543e+01 
4.509311e-01 8.925249e-01 7.768607e-03 -2.063951e+00 -8.925458e-01 4.508606e-01 9.319091e-03 -8.381609e-01 4.814962e-03 -1.113611e-02 9.999264e-01 8.690426e+01 
4.087109e-01 9.126606e-01 2.472510e-03 -1.800969e+00 -9.126476e-01 4.086859e-01 7.088452e-03 -8.472887e-01 5.458871e-03 -5.153658e-03 9.999718e-01 8.702812e+01 
3.693991e-01 9.292108e-01 -1.056526e-02 -1.459883e+00 -9.292643e-01 3.694154e-01 -4.329635e-04 -8.495882e-01 3.500656e-03 9.977856e-03 9.999441e-01 8.717696e+01 
3.341455e-01 9.424301e-01 -1.312685e-02 -1.109070e+00 -9.425214e-01 3.341189e-01 -4.232376e-03 -8.577436e-01 3.972112e-04 1.378657e-02 9.999049e-01 8.731144e+01 
3.013051e-01 9.534613e-01 -1.125836e-02 -7.508294e-01 -9.535227e-01 3.013209e-01 -3.096513e-04 -8.657467e-01 3.097139e-03 1.082840e-02 9.999366e-01 8.743809e+01 
2.696106e-01 9.629686e-01 -1.268884e-03 -4.305301e-01 -9.629368e-01 2.696121e-01 7.874271e-03 -8.709730e-01 7.924782e-03 -9.011317e-04 9.999682e-01 8.754617e+01 
2.696106e-01 9.629686e-01 -1.268884e-03 -4.305301e-01 -9.629368e-01 2.696121e-01 7.874271e-03 -8.709730e-01 7.924782e-03 -9.011317e-04 9.999682e-01 8.754617e+01 
2.160134e-01 9.763879e-01 2.201024e-03 3.399660e-01 -9.763036e-01 2.159636e-01 1.382437e-02 -8.973022e-01 1.302261e-02 -5.135116e-03 9.999020e-01 8.775412e+01 
2.160134e-01 9.763879e-01 2.201024e-03 3.399660e-01 -9.763036e-01 2.159636e-01 1.382437e-02 -8.973022e-01 1.302261e-02 -5.135116e-03 9.999020e-01 8.775412e+01 
1.714931e-01 9.850814e-01 -1.431137e-02 1.186082e+00 -9.848978e-01 1.717759e-01 2.166683e-02 -8.876264e-01 2.380194e-02 1.037953e-02 9.996628e-01 8.793303e+01 
1.714931e-01 9.850814e-01 -1.431137e-02 1.186082e+00 -9.848978e-01 1.717759e-01 2.166683e-02 -8.876264e-01 2.380194e-02 1.037953e-02 9.996628e-01 8.793303e+01 
1.342524e-01 9.908447e-01 -1.424784e-02 2.051168e+00 -9.904715e-01 1.346195e-01 2.904780e-02 -8.942886e-01 3.069989e-02 1.021235e-02 9.994765e-01 8.808078e+01 
1.342524e-01 9.908447e-01 -1.424784e-02 2.051168e+00 -9.904715e-01 1.346195e-01 2.904780e-02 -8.942886e-01 3.069989e-02 1.021235e-02 9.994765e-01 8.808078e+01 
1.040161e-01 9.945256e-01 -9.974807e-03 2.969441e+00 -9.943254e-01 1.042096e-01 2.138763e-02 -9.458396e-01 2.231001e-02 7.693547e-03 9.997215e-01 8.820535e+01 
1.040161e-01 9.945256e-01 -9.974807e-03 2.969441e+00 -9.943254e-01 1.042096e-01 2.138763e-02 -9.458396e-01 2.231001e-02 7.693547e-03 9.997215e-01 8.820535e+01 
1.040161e-01 9.945256e-01 -9.974807e-03 2.969441e+00 -9.943254e-01 1.042096e-01 2.138763e-02 -9.458396e-01 2.231001e-02 7.693547e-03 9.997215e-01 8.820535e+01 
6.914153e-02 9.974290e-01 -1.883846e-02 4.476372e+00 -9.974075e-01 6.949290e-02 1.868267e-02 -9.898992e-01 1.994378e-02 1.749787e-02 9.996480e-01 8.834333e+01 
6.864999e-02 9.974830e-01 -1.774326e-02 4.442176e+00 -9.974406e-01 6.898165e-02 1.880905e-02 -9.905219e-01 1.998567e-02 1.640660e-02 9.996656e-01 8.834062e+01 
6.864999e-02 9.974830e-01 -1.774326e-02 4.442176e+00 -9.974406e-01 6.898165e-02 1.880905e-02 -9.905219e-01 1.998567e-02 1.640660e-02 9.996656e-01 8.834062e+01 
6.864999e-02 9.974830e-01 -1.774326e-02 4.442176e+00 -9.974406e-01 6.898165e-02 1.880905e-02 -9.905219e-01 1.998567e-02 1.640660e-02 9.996656e-01 8.834062e+01 
4.328424e-02 9.988024e-01 -2.280719e-02 6.720044e+00 -9.988085e-01 4.377699e-02 2.156764e-02 -1.034970e+00 2.254025e-02 2.184648e-02 9.995072e-01 8.848164e+01 
4.352804e-02 9.987451e-01 -2.476871e-02 6.689486e+00 -9.988039e-01 4.405658e-02 2.120874e-02 -1.049733e+00 2.227335e-02 2.381591e-02 9.994682e-01 8.847457e+01 
4.352804e-02 9.987451e-01 -2.476871e-02 6.689486e+00 -9.988039e-01 4.405658e-02 2.120874e-02 -1.049733e+00 2.227335e-02 2.381591e-02 9.994682e-01 8.847457e+01 
4.352804e-02 9.987451e-01 -2.476871e-02 6.689486e+00 -9.988039e-01 4.405658e-02 2.120874e-02 -1.049733e+00 2.227335e-02 2.381591e-02 9.994682e-01 8.847457e+01 
3.062103e-02 9.990486e-01 -3.105244e-02 9.199411e+00 -9.993111e-01 3.125120e-02 2.001581e-02 -1.122366e+00 2.096719e-02 3.041815e-02 9.993173e-01 8.858120e+01 
3.045652e-02 9.990695e-01 -3.053677e-02 9.255946e+00 -9.993116e-01 3.108300e-02 2.025512e-02 -1.122925e+00 2.118545e-02 2.989884e-02 9.993284e-01 8.857567e+01 
3.045652e-02 9.990695e-01 -3.053677e-02 9.255946e+00 -9.993116e-01 3.108300e-02 2.025512e-02 -1.122925e+00 2.118545e-02 2.989884e-02 9.993284e-01 8.857567e+01 
3.045652e-02 9.990695e-01 -3.053677e-02 9.255946e+00 -9.993116e-01 3.108300e-02 2.025512e-02 -1.122925e+00 2.118545e-02 2.989884e-02 9.993284e-01 8.857567e+01 
3.671323e-02 9.983988e-01 -4.303366e-02 1.211130e+01 -9.991098e-01 3.756662e-02 1.919231e-02 -1.200960e+00 2.077821e-02 4.229074e-02 9.988893e-01 8.868035e+01 
3.663002e-02 9.984299e-01 -4.237806e-02 1.206940e+01 -9.991143e-01 3.746803e-02 1.915196e-02 -1.198331e+00 2.070972e-02 4.163899e-02 9.989181e-01 8.866706e+01 
3.663002e-02 9.984299e-01 -4.237806e-02 1.206940e+01 -9.991143e-01 3.746803e-02 1.915196e-02 -1.198331e+00 2.070972e-02 4.163899e-02 9.989181e-01 8.866706e+01 
3.663002e-02 9.984299e-01 -4.237806e-02 1.206940e+01 -9.991143e-01 3.746803e-02 1.915196e-02 -1.198331e+00 2.070972e-02 4.163899e-02 9.989181e-01 8.866706e+01 
5.344938e-02 9.977070e-01 -4.152105e-02 1.518410e+01 -9.984464e-01 5.405211e-02 1.353083e-02 -1.273830e+00 1.574410e-02 4.073333e-02 9.990460e-01 8.880546e+01 
5.340798e-02 9.977183e-01 -4.130177e-02 1.508794e+01 -9.984499e-01 5.400447e-02 1.346317e-02 -1.276469e+00 1.566293e-02 4.051871e-02 9.990560e-01 8.879326e+01 
5.340798e-02 9.977183e-01 -4.130177e-02 1.508794e+01 -9.984499e-01 5.400447e-02 1.346317e-02 -1.276469e+00 1.566293e-02 4.051871e-02 9.990560e-01 8.879326e+01 
5.340798e-02 9.977183e-01 -4.130177e-02 1.508794e+01 -9.984499e-01 5.400447e-02 1.346317e-02 -1.276469e+00 1.566293e-02 4.051871e-02 9.990560e-01 8.879326e+01 
6.600299e-02 9.973461e-01 -3.073085e-02 1.836194e+01 -9.975072e-01 6.672145e-02 2.297122e-02 -1.348658e+00 2.496066e-02 2.913807e-02 9.992637e-01 8.899842e+01 
6.597281e-02 9.973587e-01 -3.038390e-02 1.837970e+01 -9.975073e-01 6.668546e-02 2.307027e-02 -1.348817e+00 2.503550e-02 2.878615e-02 9.992720e-01 8.899914e+01 
6.597281e-02 9.973587e-01 -3.038390e-02 1.837970e+01 -9.975073e-01 6.668546e-02 2.307027e-02 -1.348817e+00 2.503550e-02 2.878615e-02 9.992720e-01 8.899914e+01 
6.597281e-02 9.973587e-01 -3.038390e-02 1.837970e+01 -9.975073e-01 6.668546e-02 2.307027e-02 -1.348817e+00 2.503550e-02 2.878615e-02 9.992720e-01 8.899914e+01 
6.579694e-02 9.975536e-01 -2.361214e-02 2.171344e+01 -9.975410e-01 6.633173e-02 2.262866e-02 -1.473639e+00 2.413953e-02 2.206518e-02 9.994651e-01 8.924258e+01 
6.548438e-02 9.975747e-01 -2.359164e-02 2.169710e+01 -9.975642e-01 6.601645e-02 2.252775e-02 -1.477358e+00 2.403055e-02 2.205896e-02 9.994678e-01 8.924620e+01 
6.548438e-02 9.975747e-01 -2.359164e-02 2.169710e+01 -9.975642e-01 6.601645e-02 2.252775e-02 -1.477358e+00 2.403055e-02 2.205896e-02 9.994678e-01 8.924620e+01 
6.548438e-02 9.975747e-01 -2.359164e-02 2.169710e+01 -9.975642e-01 6.601645e-02 2.252775e-02 -1.477358e+00 2.403055e-02 2.205896e-02 9.994678e-01 8.924620e+01 
6.564192e-02 9.977506e-01 -1.359984e-02 2.502298e+01 -9.975319e-01 6.595579e-02 2.408204e-02 -1.605313e+00 2.492486e-02 1.198549e-02 9.996175e-01 8.947839e+01 
6.542215e-02 9.977596e-01 -1.399091e-02 2.498369e+01 -9.975520e-01 6.574268e-02 2.382892e-02 -1.603367e+00 2.469533e-02 1.239772e-02 9.996181e-01 8.948562e+01 
6.542215e-02 9.977596e-01 -1.399091e-02 2.498369e+01 -9.975520e-01 6.574268e-02 2.382892e-02 -1.603367e+00 2.469533e-02 1.239772e-02 9.996181e-01 8.948562e+01 
6.542215e-02 9.977596e-01 -1.399091e-02 2.498369e+01 -9.975520e-01 6.574268e-02 2.382892e-02 -1.603367e+00 2.469533e-02 1.239772e-02 9.996181e-01 8.948562e+01 
4.761561e-02 9.988594e-01 -3.561180e-03 2.825853e+01 -9.987066e-01 4.767137e-02 1.768088e-02 -1.733879e+00 1.783048e-02 2.714688e-03 9.998373e-01 8.970488e+01 
4.759374e-02 9.988616e-01 -3.207126e-03 2.819348e+01 -9.986974e-01 4.764455e-02 1.826124e-02 -1.720603e+00 1.839326e-02 2.333828e-03 9.998281e-01 8.970367e+01 
4.759374e-02 9.988616e-01 -3.207126e-03 2.819348e+01 -9.986974e-01 4.764455e-02 1.826124e-02 -1.720603e+00 1.839326e-02 2.333828e-03 9.998281e-01 8.970367e+01 
4.759374e-02 9.988616e-01 -3.207126e-03 2.819348e+01 -9.986974e-01 4.764455e-02 1.826124e-02 -1.720603e+00 1.839326e-02 2.333828e-03 9.998281e-01 8.970367e+01 
1.097383e-02 9.999339e-01 -3.421387e-03 3.140524e+01 -9.997624e-01 1.103627e-02 1.879811e-02 -1.824868e+00 1.883463e-02 3.214287e-03 9.998174e-01 8.983831e+01 
1.116896e-02 9.999285e-01 -4.283124e-03 3.135647e+01 -9.997564e-01 1.124837e-02 1.898828e-02 -1.837600e+00 1.903510e-02 4.070002e-03 9.998105e-01 8.982946e+01 
1.116896e-02 9.999285e-01 -4.283124e-03 3.135647e+01 -9.997564e-01 1.124837e-02 1.898828e-02 -1.837600e+00 1.903510e-02 4.070002e-03 9.998105e-01 8.982946e+01 
-2.182807e-02 9.997494e-01 -4.965283e-03 3.376129e+01 -9.996036e-01 -2.173602e-02 1.789289e-02 -1.908892e+00 1.778048e-02 5.353883e-03 9.998276e-01 8.984725e+01 
-2.182807e-02 9.997494e-01 -4.965283e-03 3.376129e+01 -9.996036e-01 -2.173602e-02 1.789289e-02 -1.908892e+00 1.778048e-02 5.353883e-03 9.998276e-01 8.984725e+01 
-2.186554e-02 9.997484e-01 -4.996840e-03 3.376304e+01 -9.996053e-01 -2.177367e-02 1.775396e-02 -1.915188e+00 1.764070e-02 5.383068e-03 9.998299e-01 8.985323e+01 
-5.430272e-02 9.985142e-01 -4.541848e-03 3.611306e+01 -9.983232e-01 -5.419988e-02 2.032551e-02 -1.996868e+00 2.004914e-02 5.637963e-03 9.997831e-01 8.980196e+01 
-5.430272e-02 9.985142e-01 -4.541848e-03 3.611306e+01 -9.983232e-01 -5.419988e-02 2.032551e-02 -1.996868e+00 2.004914e-02 5.637963e-03 9.997831e-01 8.980196e+01 
-5.430272e-02 9.985142e-01 -4.541848e-03 3.611306e+01 -9.983232e-01 -5.419988e-02 2.032551e-02 -1.996868e+00 2.004914e-02 5.637963e-03 9.997831e-01 8.980196e+01 
-5.326235e-02 9.985710e-01 -4.369217e-03 3.600239e+01 -9.983812e-01 -5.316377e-02 2.021580e-02 -1.986984e+00 1.995463e-02 5.438884e-03 9.997861e-01 8.976246e+01 
-9.063791e-02 9.958629e-01 -6.472831e-03 3.903378e+01 -9.956714e-01 -9.048238e-02 2.124787e-02 -2.095699e+00 2.057429e-02 8.370676e-03 9.997533e-01 8.957209e+01 
-9.063791e-02 9.958629e-01 -6.472831e-03 3.903378e+01 -9.956714e-01 -9.048238e-02 2.124787e-02 -2.095699e+00 2.057429e-02 8.370676e-03 9.997533e-01 8.957209e+01 
-9.063791e-02 9.958629e-01 -6.472831e-03 3.903378e+01 -9.956714e-01 -9.048238e-02 2.124787e-02 -2.095699e+00 2.057429e-02 8.370676e-03 9.997533e-01 8.957209e+01 
-9.057071e-02 9.958605e-01 -7.673377e-03 3.902800e+01 -9.956763e-01 -9.038899e-02 2.141120e-02 -2.089548e+00 2.062898e-02 9.579427e-03 9.997413e-01 8.958138e+01 
-1.097456e-01 9.938133e-01 -1.705756e-02 4.191002e+01 -9.938610e-01 -1.094767e-01 1.597298e-02 -2.193949e+00 1.400676e-02 1.870581e-02 9.997269e-01 8.930560e+01 
-1.097456e-01 9.938133e-01 -1.705756e-02 4.191002e+01 -9.938610e-01 -1.094767e-01 1.597298e-02 -2.193949e+00 1.400676e-02 1.870581e-02 9.997269e-01 8.930560e+01 
-1.097456e-01 9.938133e-01 -1.705756e-02 4.191002e+01 -9.938610e-01 -1.094767e-01 1.597298e-02 -2.193949e+00 1.400676e-02 1.870581e-02 9.997269e-01 8.930560e+01 
-1.097054e-01 9.938219e-01 -1.681391e-02 4.194436e+01 -9.938667e-01 -1.094421e-01 1.585541e-02 -2.200046e+00 1.391730e-02 1.845021e-02 9.997329e-01 8.930164e+01 
-1.084968e-01 9.939168e-01 -1.891386e-02 4.460470e+01 -9.939695e-01 -1.081589e-01 1.806241e-02 -2.283316e+00 1.590683e-02 2.075951e-02 9.996579e-01 8.901555e+01 
-1.084968e-01 9.939168e-01 -1.891386e-02 4.460470e+01 -9.939695e-01 -1.081589e-01 1.806241e-02 -2.283316e+00 1.590683e-02 2.075951e-02 9.996579e-01 8.901555e+01 
-1.084968e-01 9.939168e-01 -1.891386e-02 4.460470e+01 -9.939695e-01 -1.081589e-01 1.806241e-02 -2.283316e+00 1.590683e-02 2.075951e-02 9.996579e-01 8.901555e+01 
-1.084582e-01 9.939357e-01 -1.812910e-02 4.460829e+01 -9.939781e-01 -1.081399e-01 1.770087e-02 -2.294123e+00 1.563305e-02 1.993973e-02 9.996790e-01 8.901285e+01 
-7.037376e-02 9.973853e-01 -1.643462e-02 4.696907e+01 -9.973579e-01 -7.005507e-02 1.922275e-02 -2.375891e+00 1.802116e-02 1.774398e-02 9.996801e-01 8.879037e+01 
-7.037376e-02 9.973853e-01 -1.643462e-02 4.696907e+01 -9.973579e-01 -7.005507e-02 1.922275e-02 -2.375891e+00 1.802116e-02 1.774398e-02 9.996801e-01 8.879037e+01 
-3.156285e-02 9.994019e-01 -1.412775e-02 4.801442e+01 -9.992544e-01 -3.123746e-02 2.268874e-02 -2.422923e+00 2.223386e-02 1.483334e-02 9.996428e-01 8.871608e+01 
-3.116360e-02 9.993902e-01 -1.575287e-02 4.797668e+01 -9.992632e-01 -3.079864e-02 2.290254e-02 -2.410717e+00 2.240341e-02 1.645499e-02 9.996136e-01 8.871388e+01 
2.158463e-02 9.996773e-01 -1.339230e-02 4.903778e+01 -9.993772e-01 2.194831e-02 2.763060e-02 -2.449802e+00 2.791563e-02 1.278756e-02 9.995285e-01 8.870142e+01 
5.505242e-02 9.984020e-01 -1.275769e-02 4.955702e+01 -9.980913e-01 5.538437e-02 2.731871e-02 -2.464972e+00 2.798163e-02 1.122938e-02 9.995454e-01 8.871084e+01 
9.320704e-02 9.955682e-01 -1.250810e-02 5.005990e+01 -9.953100e-01 9.349488e-02 2.483500e-02 -2.490848e+00 2.589438e-02 1.013464e-02 9.996133e-01 8.873583e+01 
1.350983e-01 9.907850e-01 -9.673975e-03 5.055942e+01 -9.905944e-01 1.352733e-01 2.059011e-02 -2.519924e+00 2.170901e-02 6.801296e-03 9.997412e-01 8.879326e+01 
1.804429e-01 9.835573e-01 -7.441126e-03 5.105611e+01 -9.834324e-01 1.805431e-01 1.627737e-02 -2.543623e+00 1.735317e-02 4.380710e-03 9.998398e-01 8.885882e+01 
2.289397e-01 9.734354e-01 -3.199299e-03 5.154192e+01 -9.733487e-01 2.289620e-01 1.298977e-02 -2.566084e+00 1.337722e-02 1.401607e-04 9.999105e-01 8.894424e+01 
2.804514e-01 9.598681e-01 3.919426e-04 5.203215e+01 -9.598063e-01 2.804287e-01 1.147440e-02 -2.584943e+00 1.090400e-02 -3.594202e-03 9.999341e-01 8.905781e+01 
3.328862e-01 9.429662e-01 -1.236758e-03 5.245175e+01 -9.428883e-01 3.328750e-01 1.248252e-02 -2.584935e+00 1.218228e-02 -2.989133e-03 9.999213e-01 8.920916e+01 
3.910324e-01 9.203619e-01 -5.252269e-03 5.291776e+01 -9.202688e-01 3.910676e-01 1.309210e-02 -2.592455e+00 1.410346e-02 -2.859338e-04 9.999005e-01 8.936773e+01 
4.502317e-01 8.928685e-01 -8.791154e-03 5.335714e+01 -8.927114e-01 4.503174e-01 1.675202e-02 -2.601075e+00 1.891616e-02 3.056730e-04 9.998210e-01 8.955585e+01 
5.081786e-01 8.611489e-01 -1.330809e-02 5.377471e+01 -8.608809e-01 5.083525e-01 2.148934e-02 -2.601776e+00 2.527072e-02 5.362589e-04 9.996805e-01 8.978424e+01 
5.638305e-01 8.257690e-01 -1.416578e-02 5.415771e+01 -8.254415e-01 5.640066e-01 2.329879e-02 -2.630327e+00 2.722901e-02 -1.443542e-03 9.996282e-01 9.003265e+01 
6.192216e-01 7.850899e-01 -1.409222e-02 5.454244e+01 -7.846639e-01 6.193593e-01 2.639152e-02 -2.641318e+00 2.944786e-02 -5.284544e-03 9.995523e-01 9.030229e+01 
6.726708e-01 7.397543e-01 -1.666036e-02 5.492591e+01 -7.393143e-01 6.728571e-01 2.603252e-02 -2.660399e+00 3.046771e-02 -5.194080e-03 9.995223e-01 9.059345e+01 
7.215883e-01 6.921106e-01 -1.712346e-02 5.527278e+01 -6.917198e-01 7.217714e-01 2.387002e-02 -2.681031e+00 2.887992e-02 -5.379688e-03 9.995684e-01 9.090984e+01 
7.662498e-01 6.423961e-01 -1.373355e-02 5.547206e+01 -6.420826e-01 7.663348e-01 2.146743e-02 -2.690089e+00 2.431509e-02 -7.631336e-03 9.996752e-01 9.117244e+01 
8.077178e-01 5.894920e-01 -9.549140e-03 5.576565e+01 -5.893253e-01 8.077435e-01 1.568794e-02 -2.711891e+00 1.696117e-02 -7.043875e-03 9.998313e-01 9.152766e+01 
8.444132e-01 5.356761e-01 -4.184061e-03 5.603143e+01 -5.355931e-01 8.443812e-01 1.266935e-02 -2.732379e+00 1.031961e-02 -8.457211e-03 9.999110e-01 9.190090e+01 
8.757283e-01 4.828018e-01 1.530105e-03 5.629087e+01 -4.827945e-01 8.756863e-01 9.107124e-03 -2.748371e+00 3.057043e-03 -8.714093e-03 9.999574e-01 9.232219e+01 
9.024238e-01 4.307964e-01 6.765603e-03 5.647523e+01 -4.308460e-01 9.023686e-01 1.013135e-02 -2.762850e+00 -1.740518e-03 -1.205771e-02 9.999258e-01 9.265450e+01 
9.226658e-01 3.854507e-01 1.074790e-02 5.667022e+01 -3.855652e-01 9.226001e-01 1.218901e-02 -2.774854e+00 -5.217746e-03 -1.539040e-02 9.998679e-01 9.308380e+01 
9.381879e-01 3.457994e-01 1.504051e-02 5.684563e+01 -3.460340e-01 9.380555e-01 1.767606e-02 -2.785753e+00 -7.996461e-03 -2.178799e-02 9.997306e-01 9.352858e+01 
9.504216e-01 3.106227e-01 1.457459e-02 5.701229e+01 -3.108848e-01 9.501946e-01 2.193086e-02 -2.783427e+00 -7.036477e-03 -2.537458e-02 9.996532e-01 9.398628e+01 
9.601622e-01 2.790862e-01 1.412000e-02 5.714477e+01 -2.793599e-01 9.598834e-01 2.412189e-02 -2.776556e+00 -6.821466e-03 -2.710548e-02 9.996093e-01 9.441563e+01 
9.601622e-01 2.790862e-01 1.412000e-02 5.714477e+01 -2.793599e-01 9.598834e-01 2.412189e-02 -2.776556e+00 -6.821466e-03 -2.710548e-02 9.996093e-01 9.441563e+01 
9.702565e-01 2.418054e-01 1.150696e-02 5.741421e+01 -2.419657e-01 9.701604e-01 1.553790e-02 -2.781777e+00 -7.406449e-03 -1.786004e-02 9.998131e-01 9.540162e+01 
9.702565e-01 2.418054e-01 1.150696e-02 5.741421e+01 -2.419657e-01 9.701604e-01 1.553790e-02 -2.781777e+00 -7.406449e-03 -1.786004e-02 9.998131e-01 9.540162e+01 
9.703811e-01 2.413029e-01 1.154962e-02 5.739909e+01 -2.414637e-01 9.702861e-01 1.549808e-02 -2.783493e+00 -7.466700e-03 -1.782786e-02 9.998132e-01 9.535453e+01 
9.769162e-01 2.131814e-01 1.372431e-02 5.775367e+01 -2.135285e-01 9.763764e-01 3.308531e-02 -2.779121e+00 -6.346915e-03 -3.525211e-02 9.993583e-01 9.689509e+01 
9.769162e-01 2.131814e-01 1.372431e-02 5.775367e+01 -2.135285e-01 9.763764e-01 3.308531e-02 -2.779121e+00 -6.346915e-03 -3.525211e-02 9.993583e-01 9.689509e+01 
9.769162e-01 2.131814e-01 1.372431e-02 5.775367e+01 -2.135285e-01 9.763764e-01 3.308531e-02 -2.779121e+00 -6.346915e-03 -3.525211e-02 9.993583e-01 9.689509e+01 
9.769884e-01 2.128633e-01 1.352351e-02 5.773826e+01 -2.132063e-01 9.764310e-01 3.355102e-02 -2.777939e+00 -6.062996e-03 -3.566226e-02 9.993455e-01 9.684710e+01 
9.763948e-01 2.159895e-01 -1.314253e-03 5.821740e+01 -2.157832e-01 9.756946e-01 3.817877e-02 -2.792068e+00 9.528522e-03 -3.699396e-02 9.992701e-01 9.904010e+01 
9.763948e-01 2.159895e-01 -1.314253e-03 5.821740e+01 -2.157832e-01 9.756946e-01 3.817877e-02 -2.792068e+00 9.528522e-03 -3.699396e-02 9.992701e-01 9.904010e+01 
9.763948e-01 2.159895e-01 -1.314253e-03 5.821740e+01 -2.157832e-01 9.756946e-01 3.817877e-02 -2.792068e+00 9.528522e-03 -3.699396e-02 9.992701e-01 9.904010e+01 
9.763819e-01 2.160480e-01 -1.293610e-03 5.820490e+01 -2.158437e-01 9.756863e-01 3.804792e-02 -2.794615e+00 9.482335e-03 -3.687008e-02 9.992751e-01 9.903889e+01 
9.720491e-01 2.347199e-01 5.202581e-03 5.874381e+01 -2.347214e-01 9.710930e-01 4.340856e-02 -2.834803e+00 5.136665e-03 -4.341641e-02 9.990439e-01 1.013912e+02 
9.720491e-01 2.347199e-01 5.202581e-03 5.874381e+01 -2.347214e-01 9.710930e-01 4.340856e-02 -2.834803e+00 5.136665e-03 -4.341641e-02 9.990439e-01 1.013912e+02 
9.720491e-01 2.347199e-01 5.202581e-03 5.874381e+01 -2.347214e-01 9.710930e-01 4.340856e-02 -2.834803e+00 5.136665e-03 -4.341641e-02 9.990439e-01 1.013912e+02 
9.719775e-01 2.350259e-01 4.755790e-03 5.872958e+01 -2.350120e-01 9.710573e-01 4.262651e-02 -2.829251e+00 5.400191e-03 -4.254968e-02 9.990798e-01 1.014403e+02 
9.693485e-01 2.455262e-01 8.962303e-03 5.934467e+01 -2.456816e-01 9.689688e-01 2.720459e-02 -2.857573e+00 -2.004752e-03 -2.857260e-02 9.995897e-01 1.039701e+02 
9.693485e-01 2.455262e-01 8.962303e-03 5.934467e+01 -2.456816e-01 9.689688e-01 2.720459e-02 -2.857573e+00 -2.004752e-03 -2.857260e-02 9.995897e-01 1.039701e+02 
9.693485e-01 2.455262e-01 8.962303e-03 5.934467e+01 -2.456816e-01 9.689688e-01 2.720459e-02 -2.857573e+00 -2.004752e-03 -2.857260e-02 9.995897e-01 1.039701e+02 
9.693420e-01 2.455580e-01 8.790222e-03 5.930688e+01 -2.457081e-01 9.689673e-01 2.701721e-02 -2.858219e+00 -1.883144e-03 -2.834875e-02 9.995963e-01 1.038730e+02 
9.708221e-01 2.397644e-01 -4.184634e-03 5.997393e+01 -2.395362e-01 9.704227e-01 3.003764e-02 -2.873761e+00 1.126282e-02 -2.815884e-02 9.995400e-01 1.065726e+02 
9.708221e-01 2.397644e-01 -4.184634e-03 5.997393e+01 -2.395362e-01 9.704227e-01 3.003764e-02 -2.873761e+00 1.126282e-02 -2.815884e-02 9.995400e-01 1.065726e+02 
9.708221e-01 2.397644e-01 -4.184634e-03 5.997393e+01 -2.395362e-01 9.704227e-01 3.003764e-02 -2.873761e+00 1.126282e-02 -2.815884e-02 9.995400e-01 1.065726e+02 
9.707995e-01 2.398601e-01 -3.935655e-03 5.997548e+01 -2.396306e-01 9.703761e-01 3.078089e-02 -2.870067e+00 1.120217e-02 -2.893897e-02 9.995184e-01 1.065862e+02 
9.727176e-01 2.319255e-01 5.573913e-03 6.066771e+01 -2.319721e-01 9.720332e-01 3.661056e-02 -2.912389e+00 3.072894e-03 -3.690473e-02 9.993141e-01 1.094821e+02 
9.727176e-01 2.319255e-01 5.573913e-03 6.066771e+01 -2.319721e-01 9.720332e-01 3.661056e-02 -2.912389e+00 3.072894e-03 -3.690473e-02 9.993141e-01 1.094821e+02 
9.727176e-01 2.319255e-01 5.573913e-03 6.066771e+01 -2.319721e-01 9.720332e-01 3.661056e-02 -2.912389e+00 3.072894e-03 -3.690473e-02 9.993141e-01 1.094821e+02 
9.727443e-01 2.318161e-01 5.467359e-03 6.065706e+01 -2.318584e-01 9.720547e-01 3.676147e-02 -2.909300e+00 3.207329e-03 -3.702717e-02 9.993091e-01 1.094443e+02 
9.762154e-01 2.167997e-01 -1.148047e-03 6.136089e+01 -2.166662e-01 9.757748e-01 3.031954e-02 -2.950916e+00 7.693504e-03 -2.934966e-02 9.995396e-01 1.125137e+02 
9.762154e-01 2.167997e-01 -1.148047e-03 6.136089e+01 -2.166662e-01 9.757748e-01 3.031954e-02 -2.950916e+00 7.693504e-03 -2.934966e-02 9.995396e-01 1.125137e+02 
9.762154e-01 2.167997e-01 -1.148047e-03 6.136089e+01 -2.166662e-01 9.757748e-01 3.031954e-02 -2.950916e+00 7.693504e-03 -2.934966e-02 9.995396e-01 1.125137e+02 
9.761960e-01 2.168868e-01 -1.173952e-03 6.137121e+01 -2.167538e-01 9.757603e-01 3.016115e-02 -2.946003e+00 7.687053e-03 -2.918874e-02 9.995444e-01 1.125328e+02 
