1.000000e+00 0.000000e+00 0.000000e+00 0.000000e+00 0.000000e+00 1.000000e+00 0.000000e+00 0.000000e+00 0.000000e+00 0.000000e+00 1.000000e+00 -0.000000e+00 
1.000000e+00 0.000000e+00 0.000000e+00 0.000000e+00 0.000000e+00 1.000000e+00 0.000000e+00 0.000000e+00 0.000000e+00 0.000000e+00 1.000000e+00 -0.000000e+00 
1.000000e+00 0.000000e+00 0.000000e+00 0.000000e+00 0.000000e+00 1.000000e+00 0.000000e+00 0.000000e+00 0.000000e+00 0.000000e+00 1.000000e+00 -0.000000e+00 
9.998247e-01 -1.783218e-02 -5.704412e-03 -2.217597e-02 1.785812e-02 9.998303e-01 4.529907e-03 -1.392558e-03 5.622666e-03 -4.630983e-03 9.999735e-01 2.080803e+00 
9.998247e-01 -1.783218e-02 -5.704412e-03 -2.217597e-02 1.785812e-02 9.998303e-01 4.529907e-03 -1.392558e-03 5.622666e-03 -4.630983e-03 9.999735e-01 2.080803e+00 
9.998247e-01 -1.783218e-02 -5.704412e-03 -2.217597e-02 1.785812e-02 9.998303e-01 4.529907e-03 -1.392558e-03 5.622666e-03 -4.630983e-03 9.999735e-01 2.080803e+00 
9.998247e-01 -1.783218e-02 -5.704412e-03 -2.217597e-02 1.785812e-02 9.998303e-01 4.529907e-03 -1.392558e-03 5.622666e-03 -4.630983e-03 9.999735e-01 2.080803e+00 
9.993759e-01 -3.527077e-02 -1.928697e-03 -1.234608e-01 3.528137e-02 9.993608e-01 5.768787e-03 -4.344469e-02 1.723995e-03 -5.833234e-03 9.999815e-01 6.044167e+00 
9.993759e-01 -3.527077e-02 -1.928697e-03 -1.234608e-01 3.528137e-02 9.993608e-01 5.768787e-03 -4.344469e-02 1.723995e-03 -5.833234e-03 9.999815e-01 6.044167e+00 
9.993759e-01 -3.527077e-02 -1.928697e-03 -1.234608e-01 3.528137e-02 9.993608e-01 5.768787e-03 -4.344469e-02 1.723995e-03 -5.833234e-03 9.999815e-01 6.044167e+00 
9.993759e-01 -3.527077e-02 -1.928697e-03 -1.234608e-01 3.528137e-02 9.993608e-01 5.768787e-03 -4.344469e-02 1.723995e-03 -5.833234e-03 9.999815e-01 6.044167e+00 
9.989484e-01 -4.584569e-02 -4.723120e-04 -2.660653e-01 4.584686e-02 9.989443e-01 2.891367e-03 -7.705508e-02 3.392567e-04 -2.909981e-03 9.999957e-01 9.384190e+00 
9.989484e-01 -4.584569e-02 -4.723120e-04 -2.660653e-01 4.584686e-02 9.989443e-01 2.891367e-03 -7.705508e-02 3.392567e-04 -2.909981e-03 9.999957e-01 9.384190e+00 
9.989484e-01 -4.584569e-02 -4.723120e-04 -2.660653e-01 4.584686e-02 9.989443e-01 2.891367e-03 -7.705508e-02 3.392567e-04 -2.909981e-03 9.999957e-01 9.384190e+00 
9.989484e-01 -4.584569e-02 -4.723120e-04 -2.660653e-01 4.584686e-02 9.989443e-01 2.891367e-03 -7.705508e-02 3.392567e-04 -2.909981e-03 9.999957e-01 9.384190e+00 
9.985927e-01 -5.281516e-02 -4.809784e-03 -4.422486e-01 5.283203e-02 9.985975e-01 3.450145e-03 -1.024470e-01 4.620818e-03 -3.699401e-03 9.999825e-01 1.285702e+01 
9.985927e-01 -5.281516e-02 -4.809784e-03 -4.422486e-01 5.283203e-02 9.985975e-01 3.450145e-03 -1.024470e-01 4.620818e-03 -3.699401e-03 9.999825e-01 1.285702e+01 
9.985927e-01 -5.281516e-02 -4.809784e-03 -4.422486e-01 5.283203e-02 9.985975e-01 3.450145e-03 -1.024470e-01 4.620818e-03 -3.699401e-03 9.999825e-01 1.285702e+01 
9.985927e-01 -5.281516e-02 -4.809784e-03 -4.422486e-01 5.283203e-02 9.985975e-01 3.450145e-03 -1.024470e-01 4.620818e-03 -3.699401e-03 9.999825e-01 1.285702e+01 
9.982883e-01 -5.839195e-02 -3.280748e-03 -6.547172e-01 5.841647e-02 9.982606e-01 7.954294e-03 -1.515546e-01 2.810575e-03 -8.132328e-03 9.999630e-01 1.645947e+01 
9.982883e-01 -5.839195e-02 -3.280748e-03 -6.547172e-01 5.841647e-02 9.982606e-01 7.954294e-03 -1.515546e-01 2.810575e-03 -8.132328e-03 9.999630e-01 1.645947e+01 
9.982883e-01 -5.839195e-02 -3.280748e-03 -6.547172e-01 5.841647e-02 9.982606e-01 7.954294e-03 -1.515546e-01 2.810575e-03 -8.132328e-03 9.999630e-01 1.645947e+01 
9.982883e-01 -5.839195e-02 -3.280748e-03 -6.547172e-01 5.841647e-02 9.982606e-01 7.954294e-03 -1.515546e-01 2.810575e-03 -8.132328e-03 9.999630e-01 1.645947e+01 
9.980188e-01 -6.285691e-02 -2.745151e-03 -8.887150e-01 6.287222e-02 9.980041e-01 5.899561e-03 -2.028214e-01 2.368844e-03 -6.060466e-03 9.999788e-01 2.015810e+01 
9.980188e-01 -6.285691e-02 -2.745151e-03 -8.887150e-01 6.287222e-02 9.980041e-01 5.899561e-03 -2.028214e-01 2.368844e-03 -6.060466e-03 9.999788e-01 2.015810e+01 
9.980188e-01 -6.285691e-02 -2.745151e-03 -8.887150e-01 6.287222e-02 9.980041e-01 5.899561e-03 -2.028214e-01 2.368844e-03 -6.060466e-03 9.999788e-01 2.015810e+01 
9.980188e-01 -6.285691e-02 -2.745151e-03 -8.887150e-01 6.287222e-02 9.980041e-01 5.899561e-03 -2.028214e-01 2.368844e-03 -6.060466e-03 9.999788e-01 2.015810e+01 
9.982443e-01 -5.862221e-02 8.468684e-03 -1.138947e+00 5.856332e-02 9.982589e-01 7.042138e-03 -2.473017e-01 -8.866765e-03 -6.533820e-03 9.999393e-01 2.391631e+01 
9.982443e-01 -5.862221e-02 8.468684e-03 -1.138947e+00 5.856332e-02 9.982589e-01 7.042138e-03 -2.473017e-01 -8.866765e-03 -6.533820e-03 9.999393e-01 2.391631e+01 
9.982443e-01 -5.862221e-02 8.468684e-03 -1.138947e+00 5.856332e-02 9.982589e-01 7.042138e-03 -2.473017e-01 -8.866765e-03 -6.533820e-03 9.999393e-01 2.391631e+01 
9.982443e-01 -5.862221e-02 8.468684e-03 -1.138947e+00 5.856332e-02 9.982589e-01 7.042138e-03 -2.473017e-01 -8.866765e-03 -6.533820e-03 9.999393e-01 2.391631e+01 
9.985288e-01 -5.421516e-02 -9.819214e-04 -1.367203e+00 5.421934e-02 9.985170e-01 4.901677e-03 -2.601023e-01 7.147201e-04 -4.947705e-03 9.999875e-01 2.775934e+01 
9.985288e-01 -5.421516e-02 -9.819214e-04 -1.367203e+00 5.421934e-02 9.985170e-01 4.901677e-03 -2.601023e-01 7.147201e-04 -4.947705e-03 9.999875e-01 2.775934e+01 
9.985288e-01 -5.421516e-02 -9.819214e-04 -1.367203e+00 5.421934e-02 9.985170e-01 4.901677e-03 -2.601023e-01 7.147201e-04 -4.947705e-03 9.999875e-01 2.775934e+01 
9.985288e-01 -5.421516e-02 -9.819214e-04 -1.367203e+00 5.421934e-02 9.985170e-01 4.901677e-03 -2.601023e-01 7.147201e-04 -4.947705e-03 9.999875e-01 2.775934e+01 
9.983149e-01 -5.786537e-02 4.357933e-03 -1.593883e+00 5.791402e-02 9.982493e-01 -1.201624e-02 -2.950069e-01 -3.654980e-03 1.224837e-02 9.999183e-01 3.164157e+01 
9.983149e-01 -5.786537e-02 4.357933e-03 -1.593883e+00 5.791402e-02 9.982493e-01 -1.201624e-02 -2.950069e-01 -3.654980e-03 1.224837e-02 9.999183e-01 3.164157e+01 
9.983149e-01 -5.786537e-02 4.357933e-03 -1.593883e+00 5.791402e-02 9.982493e-01 -1.201624e-02 -2.950069e-01 -3.654980e-03 1.224837e-02 9.999183e-01 3.164157e+01 
9.983149e-01 -5.786537e-02 4.357933e-03 -1.593883e+00 5.791402e-02 9.982493e-01 -1.201624e-02 -2.950069e-01 -3.654980e-03 1.224837e-02 9.999183e-01 3.164157e+01 
9.980005e-01 -6.310177e-02 3.641845e-03 -1.850728e+00 6.312319e-02 9.979871e-01 -6.100250e-03 -3.269954e-01 -3.249578e-03 6.317937e-03 9.999748e-01 3.556981e+01 
9.980005e-01 -6.310177e-02 3.641845e-03 -1.850728e+00 6.312319e-02 9.979871e-01 -6.100250e-03 -3.269954e-01 -3.249578e-03 6.317937e-03 9.999748e-01 3.556981e+01 
9.980005e-01 -6.310177e-02 3.641845e-03 -1.850728e+00 6.312319e-02 9.979871e-01 -6.100250e-03 -3.269954e-01 -3.249578e-03 6.317937e-03 9.999748e-01 3.556981e+01 
9.980005e-01 -6.310177e-02 3.641845e-03 -1.850728e+00 6.312319e-02 9.979871e-01 -6.100250e-03 -3.269954e-01 -3.249578e-03 6.317937e-03 9.999748e-01 3.556981e+01 
9.977486e-01 -6.590876e-02 1.239789e-02 -2.105309e+00 6.589774e-02 9.978255e-01 1.295646e-03 -3.633043e-01 -1.245632e-02 -4.757365e-04 9.999223e-01 3.949339e+01 
9.977486e-01 -6.590876e-02 1.239789e-02 -2.105309e+00 6.589774e-02 9.978255e-01 1.295646e-03 -3.633043e-01 -1.245632e-02 -4.757365e-04 9.999223e-01 3.949339e+01 
9.977486e-01 -6.590876e-02 1.239789e-02 -2.105309e+00 6.589774e-02 9.978255e-01 1.295646e-03 -3.633043e-01 -1.245632e-02 -4.757365e-04 9.999223e-01 3.949339e+01 
9.977486e-01 -6.590876e-02 1.239789e-02 -2.105309e+00 6.589774e-02 9.978255e-01 1.295646e-03 -3.633043e-01 -1.245632e-02 -4.757365e-04 9.999223e-01 3.949339e+01 
9.977144e-01 -6.703936e-02 8.469609e-03 -2.385416e+00 6.703805e-02 9.977503e-01 4.378357e-04 -3.661851e-01 -8.479907e-03 1.309511e-04 9.999640e-01 4.349924e+01 
9.977144e-01 -6.703936e-02 8.469609e-03 -2.385416e+00 6.703805e-02 9.977503e-01 4.378357e-04 -3.661851e-01 -8.479907e-03 1.309511e-04 9.999640e-01 4.349924e+01 
9.977144e-01 -6.703936e-02 8.469609e-03 -2.385416e+00 6.703805e-02 9.977503e-01 4.378357e-04 -3.661851e-01 -8.479907e-03 1.309511e-04 9.999640e-01 4.349924e+01 
9.977144e-01 -6.703936e-02 8.469609e-03 -2.385416e+00 6.703805e-02 9.977503e-01 4.378357e-04 -3.661851e-01 -8.479907e-03 1.309511e-04 9.999640e-01 4.349924e+01 
9.975564e-01 -6.979131e-02 3.235286e-03 -2.672528e+00 6.978750e-02 9.975611e-01 1.277568e-03 -3.818711e-01 -3.316558e-03 -1.048663e-03 9.999940e-01 4.745848e+01 
9.975564e-01 -6.979131e-02 3.235286e-03 -2.672528e+00 6.978750e-02 9.975611e-01 1.277568e-03 -3.818711e-01 -3.316558e-03 -1.048663e-03 9.999940e-01 4.745848e+01 
9.975564e-01 -6.979131e-02 3.235286e-03 -2.672528e+00 6.978750e-02 9.975611e-01 1.277568e-03 -3.818711e-01 -3.316558e-03 -1.048663e-03 9.999940e-01 4.745848e+01 
9.975564e-01 -6.979131e-02 3.235286e-03 -2.672528e+00 6.978750e-02 9.975611e-01 1.277568e-03 -3.818711e-01 -3.316558e-03 -1.048663e-03 9.999940e-01 4.745848e+01 
9.974320e-01 -7.092851e-02 9.924963e-03 -2.958161e+00 7.096733e-02 9.974721e-01 -3.614900e-03 -4.229906e-01 -9.643474e-03 4.309965e-03 9.999442e-01 5.133411e+01 
9.974320e-01 -7.092851e-02 9.924963e-03 -2.958161e+00 7.096733e-02 9.974721e-01 -3.614900e-03 -4.229906e-01 -9.643474e-03 4.309965e-03 9.999442e-01 5.133411e+01 
9.974320e-01 -7.092851e-02 9.924963e-03 -2.958161e+00 7.096733e-02 9.974721e-01 -3.614900e-03 -4.229906e-01 -9.643474e-03 4.309965e-03 9.999442e-01 5.133411e+01 
9.974320e-01 -7.092851e-02 9.924963e-03 -2.958161e+00 7.096733e-02 9.974721e-01 -3.614900e-03 -4.229906e-01 -9.643474e-03 4.309965e-03 9.999442e-01 5.133411e+01 
9.971865e-01 -7.378482e-02 1.322228e-02 -3.247145e+00 7.396039e-02 9.971722e-01 -1.332085e-02 -4.533422e-01 -1.220201e-02 1.426130e-02 9.998238e-01 5.522377e+01 
9.971865e-01 -7.378482e-02 1.322228e-02 -3.247145e+00 7.396039e-02 9.971722e-01 -1.332085e-02 -4.533422e-01 -1.220201e-02 1.426130e-02 9.998238e-01 5.522377e+01 
9.971865e-01 -7.378482e-02 1.322228e-02 -3.247145e+00 7.396039e-02 9.971722e-01 -1.332085e-02 -4.533422e-01 -1.220201e-02 1.426130e-02 9.998238e-01 5.522377e+01 
9.971865e-01 -7.378482e-02 1.322228e-02 -3.247145e+00 7.396039e-02 9.971722e-01 -1.332085e-02 -4.533422e-01 -1.220201e-02 1.426130e-02 9.998238e-01 5.522377e+01 
9.969949e-01 -7.701751e-02 8.330040e-03 -3.541765e+00 7.708586e-02 9.969906e-01 -8.221852e-03 -4.584237e-01 -7.671745e-03 8.839273e-03 9.999315e-01 5.901290e+01 
9.969949e-01 -7.701751e-02 8.330040e-03 -3.541765e+00 7.708586e-02 9.969906e-01 -8.221852e-03 -4.584237e-01 -7.671745e-03 8.839273e-03 9.999315e-01 5.901290e+01 
9.969949e-01 -7.701751e-02 8.330040e-03 -3.541765e+00 7.708586e-02 9.969906e-01 -8.221852e-03 -4.584237e-01 -7.671745e-03 8.839273e-03 9.999315e-01 5.901290e+01 
9.969949e-01 -7.701751e-02 8.330040e-03 -3.541765e+00 7.708586e-02 9.969906e-01 -8.221852e-03 -4.584237e-01 -7.671745e-03 8.839273e-03 9.999315e-01 5.901290e+01 
9.966933e-01 -8.091429e-02 7.436783e-03 -3.835472e+00 8.089044e-02 9.967170e-01 3.454896e-03 -4.947271e-01 -7.691919e-03 -2.841908e-03 9.999664e-01 6.254558e+01 
9.966933e-01 -8.091429e-02 7.436783e-03 -3.835472e+00 8.089044e-02 9.967170e-01 3.454896e-03 -4.947271e-01 -7.691919e-03 -2.841908e-03 9.999664e-01 6.254558e+01 
9.966933e-01 -8.091429e-02 7.436783e-03 -3.835472e+00 8.089044e-02 9.967170e-01 3.454896e-03 -4.947271e-01 -7.691919e-03 -2.841908e-03 9.999664e-01 6.254558e+01 
9.966933e-01 -8.091429e-02 7.436783e-03 -3.835472e+00 8.089044e-02 9.967170e-01 3.454896e-03 -4.947271e-01 -7.691919e-03 -2.841908e-03 9.999664e-01 6.254558e+01 
9.961958e-01 -8.671289e-02 8.645404e-03 -4.126586e+00 8.666075e-02 9.962184e-01 6.233852e-03 -5.283769e-01 -9.153266e-03 -5.460920e-03 9.999432e-01 6.593569e+01 
9.961958e-01 -8.671289e-02 8.645404e-03 -4.126586e+00 8.666075e-02 9.962184e-01 6.233852e-03 -5.283769e-01 -9.153266e-03 -5.460920e-03 9.999432e-01 6.593569e+01 
9.961958e-01 -8.671289e-02 8.645404e-03 -4.126586e+00 8.666075e-02 9.962184e-01 6.233852e-03 -5.283769e-01 -9.153266e-03 -5.460920e-03 9.999432e-01 6.593569e+01 
9.961958e-01 -8.671289e-02 8.645404e-03 -4.126586e+00 8.666075e-02 9.962184e-01 6.233852e-03 -5.283769e-01 -9.153266e-03 -5.460920e-03 9.999432e-01 6.593569e+01 
9.955921e-01 -9.208346e-02 1.780692e-02 -4.426268e+00 9.183902e-02 9.956742e-01 1.409124e-02 -5.571422e-01 -1.902746e-02 -1.239376e-02 9.997421e-01 6.908808e+01 
9.955921e-01 -9.208346e-02 1.780692e-02 -4.426268e+00 9.183902e-02 9.956742e-01 1.409124e-02 -5.571422e-01 -1.902746e-02 -1.239376e-02 9.997421e-01 6.908808e+01 
9.955921e-01 -9.208346e-02 1.780692e-02 -4.426268e+00 9.183902e-02 9.956742e-01 1.409124e-02 -5.571422e-01 -1.902746e-02 -1.239376e-02 9.997421e-01 6.908808e+01 
9.955921e-01 -9.208346e-02 1.780692e-02 -4.426268e+00 9.183902e-02 9.956742e-01 1.409124e-02 -5.571422e-01 -1.902746e-02 -1.239376e-02 9.997421e-01 6.908808e+01 
9.953484e-01 -9.633360e-02 -1.192549e-03 -4.714008e+00 9.634043e-02 9.952248e-01 1.568772e-02 -5.552742e-01 -3.244005e-04 -1.572964e-02 9.998762e-01 7.195378e+01 
9.953484e-01 -9.633360e-02 -1.192549e-03 -4.714008e+00 9.634043e-02 9.952248e-01 1.568772e-02 -5.552742e-01 -3.244005e-04 -1.572964e-02 9.998762e-01 7.195378e+01 
9.953484e-01 -9.633360e-02 -1.192549e-03 -4.714008e+00 9.634043e-02 9.952248e-01 1.568772e-02 -5.552742e-01 -3.244005e-04 -1.572964e-02 9.998762e-01 7.195378e+01 
9.953484e-01 -9.633360e-02 -1.192549e-03 -4.714008e+00 9.634043e-02 9.952248e-01 1.568772e-02 -5.552742e-01 -3.244005e-04 -1.572964e-02 9.998762e-01 7.195378e+01 
9.950701e-01 -9.913824e-02 -2.683413e-03 -4.992027e+00 9.915706e-02 9.950385e-01 8.144548e-03 -5.974903e-01 1.862663e-03 -8.370475e-03 9.999632e-01 7.457661e+01 
9.950701e-01 -9.913824e-02 -2.683413e-03 -4.992027e+00 9.915706e-02 9.950385e-01 8.144548e-03 -5.974903e-01 1.862663e-03 -8.370475e-03 9.999632e-01 7.457661e+01 
9.950701e-01 -9.913824e-02 -2.683413e-03 -4.992027e+00 9.915706e-02 9.950385e-01 8.144548e-03 -5.974903e-01 1.862663e-03 -8.370475e-03 9.999632e-01 7.457661e+01 
9.950701e-01 -9.913824e-02 -2.683413e-03 -4.992027e+00 9.915706e-02 9.950385e-01 8.144548e-03 -5.974903e-01 1.862663e-03 -8.370475e-03 9.999632e-01 7.457661e+01 
9.962730e-01 -8.624296e-02 -1.527956e-03 -5.225942e+00 8.625311e-02 9.962345e-01 8.792470e-03 -6.425857e-01 7.639139e-04 -8.891491e-03 9.999602e-01 7.688285e+01 
9.962730e-01 -8.624296e-02 -1.527956e-03 -5.225942e+00 8.625311e-02 9.962345e-01 8.792470e-03 -6.425857e-01 7.639139e-04 -8.891491e-03 9.999602e-01 7.688285e+01 
9.962730e-01 -8.624296e-02 -1.527956e-03 -5.225942e+00 8.625311e-02 9.962345e-01 8.792470e-03 -6.425857e-01 7.639139e-04 -8.891491e-03 9.999602e-01 7.688285e+01 
9.962730e-01 -8.624296e-02 -1.527956e-03 -5.225942e+00 8.625311e-02 9.962345e-01 8.792470e-03 -6.425857e-01 7.639139e-04 -8.891491e-03 9.999602e-01 7.688285e+01 
9.988976e-01 -4.659613e-02 5.684932e-03 -5.385972e+00 4.653655e-02 9.988645e-01 1.019807e-02 -6.823247e-01 -6.153667e-03 -9.922271e-03 9.999318e-01 7.902161e+01 
9.988976e-01 -4.659613e-02 5.684932e-03 -5.385972e+00 4.653655e-02 9.988645e-01 1.019807e-02 -6.823247e-01 -6.153667e-03 -9.922271e-03 9.999318e-01 7.902161e+01 
9.999535e-01 -6.516792e-03 7.103747e-03 -5.426841e+00 6.418931e-03 9.998854e-01 1.371277e-02 -6.915110e-01 -7.192296e-03 -1.366653e-02 9.998807e-01 7.999486e+01 
9.999535e-01 -6.516792e-03 7.103747e-03 -5.426841e+00 6.418931e-03 9.998854e-01 1.371277e-02 -6.915110e-01 -7.192296e-03 -1.366653e-02 9.998807e-01 7.999486e+01 
9.987562e-01 4.871398e-02 1.063289e-02 -5.431223e+00 -4.879943e-02 9.987771e-01 7.930243e-03 -7.062335e-01 -1.023358e-02 -8.439258e-03 9.999120e-01 8.089734e+01 
9.965809e-01 8.169017e-02 1.238034e-02 -5.408724e+00 -8.178903e-02 9.966199e-01 7.700202e-03 -7.121294e-01 -1.170946e-02 -8.686450e-03 9.998937e-01 8.135080e+01 
9.927963e-01 1.190843e-01 1.320736e-02 -5.370855e+00 -1.191881e-01 9.928443e-01 7.370625e-03 -7.165994e-01 -1.223513e-02 -8.891690e-03 9.998856e-01 8.179977e+01 
9.869544e-01 1.604188e-01 1.366759e-02 -5.313659e+00 -1.605306e-01 9.870023e-01 7.506524e-03 -7.187635e-01 -1.228575e-02 -9.602662e-03 9.998784e-01 8.223072e+01 
9.786049e-01 2.052749e-01 1.395482e-02 -5.257230e+00 -2.053911e-01 9.786515e-01 7.463499e-03 -7.161175e-01 -1.212484e-02 -1.017001e-02 9.998748e-01 8.260628e+01 
9.669956e-01 2.544617e-01 1.299384e-02 -5.177334e+00 -2.545928e-01 9.670000e-01 9.673402e-03 -7.217966e-01 -1.010353e-02 -1.266227e-02 9.998688e-01 8.302511e+01 
9.515024e-01 3.074423e-01 1.106058e-02 -5.071822e+00 -3.075546e-01 9.514727e-01 1.048053e-02 -7.266383e-01 -7.301680e-03 -1.337398e-02 9.998839e-01 8.343464e+01 
9.315770e-01 3.634086e-01 9.920671e-03 -4.955970e+00 -3.635047e-01 9.315309e-01 1.070667e-02 -7.319885e-01 -5.350513e-03 -1.358030e-02 9.998935e-01 8.382423e+01 
9.080247e-01 4.188254e-01 8.738052e-03 -4.821454e+00 -4.189055e-01 9.079549e-01 1.166903e-02 -7.288092e-01 -3.046472e-03 -1.425618e-02 9.998937e-01 8.407235e+01 
8.788945e-01 4.769598e-01 7.341894e-03 -4.669883e+00 -4.770155e-01 8.788161e-01 1.176245e-02 -7.278617e-01 -8.419585e-04 -1.384015e-02 9.999039e-01 8.443294e+01 
8.451478e-01 5.345115e-01 4.768176e-03 -4.495857e+00 -5.345305e-01 8.450846e-01 1.045077e-02 -7.300514e-01 1.556543e-03 -1.138118e-02 9.999340e-01 8.478019e+01 
8.077822e-01 5.894650e-01 4.345142e-03 -4.304579e+00 -5.894776e-01 8.077304e-01 9.369423e-03 -7.465618e-01 2.013243e-03 -1.012982e-02 9.999467e-01 8.511500e+01 
7.698165e-01 6.382401e-01 5.663496e-03 -4.063633e+00 -6.382644e-01 7.697710e-01 8.438920e-03 -7.608751e-01 1.026463e-03 -1.011123e-02 9.999484e-01 8.540259e+01 
7.268723e-01 6.867155e-01 8.859358e-03 -3.827914e+00 -6.867720e-01 7.268295e-01 7.949087e-03 -7.692012e-01 -9.804811e-04 -1.186233e-02 9.999292e-01 8.570203e+01 
6.816038e-01 7.316677e-01 8.866124e-03 -3.570910e+00 -7.317209e-01 6.815687e-01 6.981207e-03 -7.716617e-01 -9.349486e-04 -1.124594e-02 9.999363e-01 8.598279e+01 
6.358033e-01 7.718328e-01 5.321901e-03 -3.277157e+00 -7.718508e-01 6.357814e-01 5.324174e-03 -7.748612e-01 7.258067e-04 -7.492841e-03 9.999717e-01 8.624173e+01 
5.911320e-01 8.065719e-01 2.166343e-03 -3.027100e+00 -8.065741e-01 5.911260e-01 2.874345e-03 -7.917151e-01 1.037784e-03 -3.446434e-03 9.999935e-01 8.641910e+01 
5.444457e-01 8.387892e-01 3.395416e-03 -2.723571e+00 -8.387929e-01 5.444280e-01 4.969417e-03 -7.973846e-01 2.319734e-03 -5.553628e-03 9.999819e-01 8.664493e+01 
4.974456e-01 8.674703e-01 6.573201e-03 -2.405788e+00 -8.674888e-01 4.973987e-01 7.594428e-03 -8.062503e-01 3.318439e-03 -9.479993e-03 9.999496e-01 8.685214e+01 
4.518158e-01 8.920745e-01 8.097860e-03 -2.070622e+00 -8.920963e-01 4.517371e-01 9.887021e-03 -8.165826e-01 5.161855e-03 -1.169118e-02 9.999183e-01 8.705029e+01 
4.097755e-01 9.121847e-01 1.763934e-03 -1.793459e+00 -9.121695e-01 4.097554e-01 6.881075e-03 -8.245910e-01 5.554030e-03 -4.428703e-03 9.999748e-01 8.718047e+01 
3.705416e-01 9.287516e-01 -1.092567e-02 -1.449558e+00 -9.288094e-01 3.705574e-01 -6.083554e-04 -8.285943e-01 3.483577e-03 1.037328e-02 9.999401e-01 8.732981e+01 
3.353147e-01 9.420096e-01 -1.349211e-02 -1.098158e+00 -9.421061e-01 3.352862e-01 -4.390487e-03 -8.360520e-01 3.878383e-04 1.418320e-02 9.998993e-01 8.746425e+01 
3.024654e-01 9.530884e-01 -1.171150e-02 -7.281579e-01 -9.531552e-01 3.024814e-01 -4.204710e-04 -8.417729e-01 3.141764e-03 1.129005e-02 9.999313e-01 8.759575e+01 
2.708147e-01 9.626286e-01 -2.375738e-03 -4.009104e-01 -9.625987e-01 2.708250e-01 7.582998e-03 -8.489998e-01 7.943020e-03 2.332947e-04 9.999684e-01 8.770760e+01 
2.708147e-01 9.626286e-01 -2.375738e-03 -4.009104e-01 -9.625987e-01 2.708250e-01 7.582998e-03 -8.489998e-01 7.943020e-03 2.332947e-04 9.999684e-01 8.770760e+01 
2.172089e-01 9.761244e-01 1.170947e-03 3.774997e-01 -9.760393e-01 2.171737e-01 1.352128e-02 -8.772937e-01 1.294415e-02 -4.079831e-03 9.999079e-01 8.791835e+01 
2.172089e-01 9.761244e-01 1.170947e-03 3.774997e-01 -9.760393e-01 2.171737e-01 1.352128e-02 -8.772937e-01 1.294415e-02 -4.079831e-03 9.999079e-01 8.791835e+01 
1.729483e-01 9.848203e-01 -1.476143e-02 1.188500e+00 -9.846510e-01 1.732370e-01 2.124454e-02 -8.678507e-01 2.347928e-02 1.086065e-02 9.996653e-01 8.808204e+01 
1.729483e-01 9.848203e-01 -1.476143e-02 1.188500e+00 -9.846510e-01 1.732370e-01 2.124454e-02 -8.678507e-01 2.347928e-02 1.086065e-02 9.996653e-01 8.808204e+01 
1.356603e-01 9.906519e-01 -1.432110e-02 2.058408e+00 -9.902893e-01 1.360257e-01 2.870770e-02 -8.726272e-01 3.038737e-02 1.028754e-02 9.994853e-01 8.823170e+01 
1.356603e-01 9.906519e-01 -1.432110e-02 2.058408e+00 -9.902893e-01 1.360257e-01 2.870770e-02 -8.726272e-01 3.038737e-02 1.028754e-02 9.994853e-01 8.823170e+01 
1.053038e-01 9.943760e-01 -1.128849e-02 2.967979e+00 -9.941907e-01 1.055248e-01 2.119940e-02 -9.205586e-01 2.227139e-02 8.990537e-03 9.997115e-01 8.835437e+01 
1.053038e-01 9.943760e-01 -1.128849e-02 2.967979e+00 -9.941907e-01 1.055248e-01 2.119940e-02 -9.205586e-01 2.227139e-02 8.990537e-03 9.997115e-01 8.835437e+01 
1.053038e-01 9.943760e-01 -1.128849e-02 2.967979e+00 -9.941907e-01 1.055248e-01 2.119940e-02 -9.205586e-01 2.227139e-02 8.990537e-03 9.997115e-01 8.835437e+01 
7.048308e-02 9.973111e-01 -2.006998e-02 4.470672e+00 -9.973182e-01 7.085265e-02 1.833944e-02 -9.679940e-01 1.971214e-02 1.872354e-02 9.996304e-01 8.849053e+01 
6.994221e-02 9.973541e-01 -1.981910e-02 4.427060e+00 -9.973554e-01 7.030820e-02 1.841345e-02 -9.676338e-01 1.975817e-02 1.847881e-02 9.996340e-01 8.848701e+01 
6.994221e-02 9.973541e-01 -1.981910e-02 4.427060e+00 -9.973554e-01 7.030820e-02 1.841345e-02 -9.676338e-01 1.975817e-02 1.847881e-02 9.996340e-01 8.848701e+01 
6.994221e-02 9.973541e-01 -1.981910e-02 4.427060e+00 -9.973554e-01 7.030820e-02 1.841345e-02 -9.676338e-01 1.975817e-02 1.847881e-02 9.996340e-01 8.848701e+01 
4.445018e-02 9.987072e-01 -2.465939e-02 6.682386e+00 -9.987663e-01 4.497265e-02 2.105360e-02 -1.019446e+00 2.213538e-02 2.369313e-02 9.994742e-01 8.863633e+01 
4.458761e-02 9.986841e-01 -2.533655e-02 6.679852e+00 -9.987609e-01 4.512348e-02 2.098717e-02 -1.025240e+00 2.210283e-02 2.436939e-02 9.994587e-01 8.862713e+01 
4.458761e-02 9.986841e-01 -2.533655e-02 6.679852e+00 -9.987609e-01 4.512348e-02 2.098717e-02 -1.025240e+00 2.210283e-02 2.436939e-02 9.994587e-01 8.862713e+01 
4.458761e-02 9.986841e-01 -2.533655e-02 6.679852e+00 -9.987609e-01 4.512348e-02 2.098717e-02 -1.025240e+00 2.210283e-02 2.436939e-02 9.994587e-01 8.862713e+01 
3.158788e-02 9.989989e-01 -3.167654e-02 9.204201e+00 -9.992820e-01 3.222851e-02 1.992181e-02 -1.094168e+00 2.092275e-02 3.102450e-02 9.992996e-01 8.873862e+01 
3.148839e-02 9.990137e-01 -3.130678e-02 9.196878e+00 -9.992855e-01 3.212115e-02 1.991812e-02 -1.099820e+00 2.090408e-02 3.065722e-02 9.993113e-01 8.872750e+01 
3.148839e-02 9.990137e-01 -3.130678e-02 9.196878e+00 -9.992855e-01 3.212115e-02 1.991812e-02 -1.099820e+00 2.090408e-02 3.065722e-02 9.993113e-01 8.872750e+01 
3.148839e-02 9.990137e-01 -3.130678e-02 9.196878e+00 -9.992855e-01 3.212115e-02 1.991812e-02 -1.099820e+00 2.090408e-02 3.065722e-02 9.993113e-01 8.872750e+01 
3.783227e-02 9.983194e-01 -4.389795e-02 1.201545e+01 -9.990778e-01 3.868046e-02 1.863577e-02 -1.179501e+00 2.030245e-02 4.315244e-02 9.988622e-01 8.882848e+01 
3.780767e-02 9.983389e-01 -4.347450e-02 1.204734e+01 -9.990755e-01 3.865478e-02 1.881232e-02 -1.173534e+00 2.046156e-02 4.272305e-02 9.988774e-01 8.882363e+01 
3.780767e-02 9.983389e-01 -4.347450e-02 1.204734e+01 -9.990755e-01 3.865478e-02 1.881232e-02 -1.173534e+00 2.046156e-02 4.272305e-02 9.988774e-01 8.882363e+01 
3.780767e-02 9.983389e-01 -4.347450e-02 1.204734e+01 -9.990755e-01 3.865478e-02 1.881232e-02 -1.173534e+00 2.046156e-02 4.272305e-02 9.988774e-01 8.882363e+01 
5.434023e-02 9.976288e-01 -4.223666e-02 1.515328e+01 -9.984034e-01 5.493831e-02 1.313008e-02 -1.252953e+00 1.541935e-02 4.145573e-02 9.990214e-01 8.897366e+01 
5.460022e-02 9.976075e-01 -4.240287e-02 1.509028e+01 -9.983866e-01 5.520729e-02 1.327922e-02 -1.244135e+00 1.558840e-02 4.160941e-02 9.990123e-01 8.895346e+01 
5.460022e-02 9.976075e-01 -4.240287e-02 1.509028e+01 -9.983866e-01 5.520729e-02 1.327922e-02 -1.244135e+00 1.558840e-02 4.160941e-02 9.990123e-01 8.895346e+01 
5.460022e-02 9.976075e-01 -4.240287e-02 1.509028e+01 -9.983866e-01 5.520729e-02 1.327922e-02 -1.244135e+00 1.558840e-02 4.160941e-02 9.990123e-01 8.895346e+01 
6.731146e-02 9.972324e-01 -3.156997e-02 1.837632e+01 -9.974199e-01 6.804805e-02 2.286737e-02 -1.314943e+00 2.495236e-02 2.994928e-02 9.992399e-01 8.915784e+01 
6.696948e-02 9.972586e-01 -3.146928e-02 1.835066e+01 -9.974492e-01 6.769646e-02 2.263231e-02 -1.332095e+00 2.470062e-02 2.987333e-02 9.992484e-01 8.916622e+01 
6.696948e-02 9.972586e-01 -3.146928e-02 1.835066e+01 -9.974492e-01 6.769646e-02 2.263231e-02 -1.332095e+00 2.470062e-02 2.987333e-02 9.992484e-01 8.916622e+01 
6.696948e-02 9.972586e-01 -3.146928e-02 1.835066e+01 -9.974492e-01 6.769646e-02 2.263231e-02 -1.332095e+00 2.470062e-02 2.987333e-02 9.992484e-01 8.916622e+01 
6.690432e-02 9.974488e-01 -2.489231e-02 2.167691e+01 -9.974734e-01 6.746162e-02 2.226544e-02 -1.452350e+00 2.388791e-02 2.333976e-02 9.994422e-01 8.940477e+01 
6.683278e-02 9.974109e-01 -2.654763e-02 2.164391e+01 -9.974779e-01 6.742727e-02 2.216684e-02 -1.446207e+00 2.389948e-02 2.499920e-02 9.994017e-01 8.941666e+01 
6.683278e-02 9.974109e-01 -2.654763e-02 2.164391e+01 -9.974779e-01 6.742727e-02 2.216684e-02 -1.446207e+00 2.389948e-02 2.499920e-02 9.994017e-01 8.941666e+01 
6.683278e-02 9.974109e-01 -2.654763e-02 2.164391e+01 -9.974779e-01 6.742727e-02 2.216684e-02 -1.446207e+00 2.389948e-02 2.499920e-02 9.994017e-01 8.941666e+01 
6.695887e-02 9.976003e-01 -1.760925e-02 2.496103e+01 -9.974429e-01 6.736937e-02 2.385389e-02 -1.565233e+00 2.498297e-02 1.596699e-02 9.995604e-01 8.965263e+01 
6.684189e-02 9.976281e-01 -1.643937e-02 2.495292e+01 -9.974569e-01 6.722076e-02 2.368808e-02 -1.573403e+00 2.473696e-02 1.481420e-02 9.995842e-01 8.965439e+01 
6.684189e-02 9.976281e-01 -1.643937e-02 2.495292e+01 -9.974569e-01 6.722076e-02 2.368808e-02 -1.573403e+00 2.473696e-02 1.481420e-02 9.995842e-01 8.965439e+01 
6.684189e-02 9.976281e-01 -1.643937e-02 2.495292e+01 -9.974569e-01 6.722076e-02 2.368808e-02 -1.573403e+00 2.473696e-02 1.481420e-02 9.995842e-01 8.965439e+01 
4.937187e-02 9.987653e-01 -5.501268e-03 2.820117e+01 -9.986267e-01 4.946015e-02 1.727181e-02 -1.710348e+00 1.752258e-02 4.640972e-03 9.998357e-01 8.986493e+01 
4.882045e-02 9.987884e-01 -6.195241e-03 2.822421e+01 -9.986419e-01 4.892438e-02 1.790995e-02 -1.698915e+00 1.819134e-02 5.312455e-03 9.998204e-01 8.988918e+01 
4.882045e-02 9.987884e-01 -6.195241e-03 2.822421e+01 -9.986419e-01 4.892438e-02 1.790995e-02 -1.698915e+00 1.819134e-02 5.312455e-03 9.998204e-01 8.988918e+01 
4.882045e-02 9.987884e-01 -6.195241e-03 2.822421e+01 -9.986419e-01 4.892438e-02 1.790995e-02 -1.698915e+00 1.819134e-02 5.312455e-03 9.998204e-01 8.988918e+01 
1.242698e-02 9.999008e-01 -6.625479e-03 3.143755e+01 -9.997530e-01 1.254669e-02 1.834412e-02 -1.803767e+00 1.842543e-02 6.395881e-03 9.998098e-01 9.002232e+01 
1.253952e-02 9.998995e-01 -6.618065e-03 3.141877e+01 -9.997468e-01 1.266073e-02 1.860298e-02 -1.810955e+00 1.868490e-02 6.383117e-03 9.998050e-01 9.002185e+01 
1.253952e-02 9.998995e-01 -6.618065e-03 3.141877e+01 -9.997468e-01 1.266073e-02 1.860298e-02 -1.810955e+00 1.868490e-02 6.383117e-03 9.998050e-01 9.002185e+01 
-2.073869e-02 9.997600e-01 -7.065973e-03 3.382651e+01 -9.996363e-01 -2.061322e-02 1.738959e-02 -1.885249e+00 1.723976e-02 7.424040e-03 9.998238e-01 9.005202e+01 
-2.073869e-02 9.997600e-01 -7.065973e-03 3.382651e+01 -9.996363e-01 -2.061322e-02 1.738959e-02 -1.885249e+00 1.723976e-02 7.424040e-03 9.998238e-01 9.005202e+01 
-2.016122e-02 9.997687e-01 -7.494364e-03 3.381350e+01 -9.996508e-01 -2.002965e-02 1.723522e-02 -1.890002e+00 1.708112e-02 7.839230e-03 9.998234e-01 9.003047e+01 
-5.263660e-02 9.985859e-01 -7.452185e-03 3.619060e+01 -9.984204e-01 -5.247810e-02 2.006990e-02 -1.962170e+00 1.965044e-02 8.496824e-03 9.997708e-01 8.998335e+01 
-5.263660e-02 9.985859e-01 -7.452185e-03 3.619060e+01 -9.984204e-01 -5.247810e-02 2.006990e-02 -1.962170e+00 1.965044e-02 8.496824e-03 9.997708e-01 8.998335e+01 
-5.263660e-02 9.985859e-01 -7.452185e-03 3.619060e+01 -9.984204e-01 -5.247810e-02 2.006990e-02 -1.962170e+00 1.965044e-02 8.496824e-03 9.997708e-01 8.998335e+01 
-5.144194e-02 9.986500e-01 -7.200003e-03 3.597806e+01 -9.984893e-01 -5.129159e-02 1.970516e-02 -1.954268e+00 1.930926e-02 8.202797e-03 9.997799e-01 8.994933e+01 
-8.875254e-02 9.960071e-01 -9.640391e-03 3.901740e+01 -9.958535e-01 -8.853650e-02 2.090670e-02 -2.058286e+00 1.996970e-02 1.145594e-02 9.997350e-01 8.976111e+01 
-8.875254e-02 9.960071e-01 -9.640391e-03 3.901740e+01 -9.958535e-01 -8.853650e-02 2.090670e-02 -2.058286e+00 1.996970e-02 1.145594e-02 9.997350e-01 8.976111e+01 
-8.875254e-02 9.960071e-01 -9.640391e-03 3.901740e+01 -9.958535e-01 -8.853650e-02 2.090670e-02 -2.058286e+00 1.996970e-02 1.145594e-02 9.997350e-01 8.976111e+01 
-8.933004e-02 9.959510e-01 -1.008418e-02 3.900782e+01 -9.957999e-01 -8.910336e-02 2.104915e-02 -2.060990e+00 2.006539e-02 1.192215e-02 9.997276e-01 8.977272e+01 
-1.085648e-01 9.939072e-01 -1.903233e-02 4.187831e+01 -9.940005e-01 -1.082791e-01 1.544945e-02 -2.164761e+00 1.329451e-02 2.059541e-02 9.996995e-01 8.950461e+01 
-1.085648e-01 9.939072e-01 -1.903233e-02 4.187831e+01 -9.940005e-01 -1.082791e-01 1.544945e-02 -2.164761e+00 1.329451e-02 2.059541e-02 9.996995e-01 8.950461e+01 
-1.085648e-01 9.939072e-01 -1.903233e-02 4.187831e+01 -9.940005e-01 -1.082791e-01 1.544945e-02 -2.164761e+00 1.329451e-02 2.059541e-02 9.996995e-01 8.950461e+01 
-1.081931e-01 9.939529e-01 -1.875990e-02 4.190520e+01 -9.940438e-01 -1.079162e-01 1.519879e-02 -2.164926e+00 1.308238e-02 2.029257e-02 9.997085e-01 8.949957e+01 
-1.070256e-01 9.940317e-01 -2.113308e-02 4.455511e+01 -9.941407e-01 -1.066648e-01 1.752030e-02 -2.242976e+00 1.516158e-02 2.288438e-02 9.996231e-01 8.922259e+01 
-1.070256e-01 9.940317e-01 -2.113308e-02 4.455511e+01 -9.941407e-01 -1.066648e-01 1.752030e-02 -2.242976e+00 1.516158e-02 2.288438e-02 9.996231e-01 8.922259e+01 
-1.070256e-01 9.940317e-01 -2.113308e-02 4.455511e+01 -9.941407e-01 -1.066648e-01 1.752030e-02 -2.242976e+00 1.516158e-02 2.288438e-02 9.996231e-01 8.922259e+01 
-1.071266e-01 9.940365e-01 -2.037953e-02 4.452114e+01 -9.941310e-01 -1.067809e-01 1.736092e-02 -2.242509e+00 1.508125e-02 2.211974e-02 9.996416e-01 8.922548e+01 
-6.900920e-02 9.974429e-01 -1.858436e-02 4.686882e+01 -9.974627e-01 -6.866009e-02 1.881109e-02 -2.324848e+00 1.748698e-02 1.983535e-02 9.996503e-01 8.900365e+01 
-6.900920e-02 9.974429e-01 -1.858436e-02 4.686882e+01 -9.974627e-01 -6.866009e-02 1.881109e-02 -2.324848e+00 1.748698e-02 1.983535e-02 9.996503e-01 8.900365e+01 
-3.014388e-02 9.993974e-01 -1.721139e-02 4.792232e+01 -9.993031e-01 -2.975287e-02 2.253908e-02 -2.364466e+00 2.201341e-02 1.787881e-02 9.995978e-01 8.893334e+01 
-3.020291e-02 9.994091e-01 -1.640928e-02 4.799423e+01 -9.993091e-01 -2.983600e-02 2.216285e-02 -2.369677e+00 2.166016e-02 1.706732e-02 9.996197e-01 8.893227e+01 
2.268890e-02 9.996425e-01 -1.414267e-02 4.905063e+01 -9.993707e-01 2.306398e-02 2.694809e-02 -2.407210e+00 2.726465e-02 1.352234e-02 9.995368e-01 8.891853e+01 
5.625674e-02 9.983271e-01 -1.334491e-02 4.956407e+01 -9.980448e-01 5.659538e-02 2.652388e-02 -2.423502e+00 2.723477e-02 1.182667e-02 9.995591e-01 8.892606e+01 
9.458297e-02 9.954225e-01 -1.371305e-02 5.007332e+01 -9.951907e-01 9.489563e-02 2.429442e-02 -2.443077e+00 2.548452e-02 1.134926e-02 9.996108e-01 8.894757e+01 
1.362403e-01 9.906024e-01 -1.206392e-02 5.059164e+01 -9.904307e-01 1.364674e-01 2.058265e-02 -2.473952e+00 2.203555e-02 9.144292e-03 9.997154e-01 8.900719e+01 
1.815444e-01 9.833339e-01 -9.798719e-03 5.108933e+01 -9.832224e-01 1.816857e-01 1.624907e-02 -2.497503e+00 1.775855e-02 6.684393e-03 9.998200e-01 8.907208e+01 
2.300395e-01 9.731665e-01 -5.374986e-03 5.158078e+01 -9.730823e-01 2.300913e-01 1.298939e-02 -2.519423e+00 1.387758e-02 2.242232e-03 9.999012e-01 8.915970e+01 
2.815421e-01 9.595467e-01 -2.033873e-03 5.207766e+01 -9.594775e-01 2.815464e-01 1.160239e-02 -2.534892e+00 1.170567e-02 -1.315106e-03 9.999306e-01 8.927502e+01 
3.338369e-01 9.426255e-01 -3.190052e-03 5.254075e+01 -9.425452e-01 3.338502e-01 1.234908e-02 -2.539381e+00 1.270555e-02 -1.115808e-03 9.999187e-01 8.942758e+01 
3.919035e-01 9.199792e-01 -7.059552e-03 5.300622e+01 -9.198890e-01 3.919646e-01 1.296037e-02 -2.547423e+00 1.469037e-02 1.414787e-03 9.998911e-01 8.958828e+01 
4.513966e-01 8.922582e-01 -1.078606e-02 5.346331e+01 -8.921013e-01 4.515210e-01 1.685564e-02 -2.553347e+00 1.990972e-02 2.013682e-03 9.997998e-01 8.978033e+01 
5.094733e-01 8.603450e-01 -1.559858e-02 5.389545e+01 -8.601033e-01 5.097037e-01 2.060267e-02 -2.560436e+00 2.567606e-02 2.919883e-03 9.996661e-01 9.000883e+01 
5.651002e-01 8.248493e-01 -1.689308e-02 5.422929e+01 -8.245048e-01 5.653524e-01 2.384153e-02 -2.580464e+00 2.921621e-02 4.555717e-04 9.995730e-01 9.024195e+01 
6.202550e-01 7.842189e-01 -1.686459e-02 5.461153e+01 -7.837721e-01 6.204753e-01 2.667775e-02 -2.594960e+00 3.138526e-02 -3.329007e-03 9.995018e-01 9.051388e+01 
6.731965e-01 7.392293e-01 -1.861429e-02 5.498540e+01 -7.387932e-01 6.734447e-01 2.562785e-02 -2.627099e+00 3.148055e-02 -3.500467e-03 9.994982e-01 9.080547e+01 
7.209246e-01 6.927359e-01 -1.961678e-02 5.530810e+01 -6.922898e-01 7.211764e-01 2.528638e-02 -2.630386e+00 3.166394e-02 -4.649074e-03 9.994878e-01 9.113169e+01 
7.667985e-01 6.416797e-01 -1.634630e-02 5.550188e+01 -6.413355e-01 7.669465e-01 2.195117e-02 -2.643416e+00 2.662236e-02 -6.348658e-03 9.996254e-01 9.136192e+01 
8.082539e-01 5.887153e-01 -1.183086e-02 5.579169e+01 -5.885116e-01 8.083130e-01 1.685733e-02 -2.664638e+00 1.948721e-02 -6.662409e-03 9.997879e-01 9.171249e+01 
8.448726e-01 5.349294e-01 -6.393068e-03 5.605945e+01 -5.348144e-01 8.448563e-01 1.383687e-02 -2.686878e+00 1.280297e-02 -8.271290e-03 9.998838e-01 9.208982e+01 
8.762186e-01 4.819132e-01 -7.428489e-04 5.631290e+01 -4.818822e-01 8.761778e-01 1.009878e-02 -2.707788e+00 5.517603e-03 -8.490773e-03 9.999487e-01 9.249712e+01 
9.031084e-01 4.293948e-01 3.925294e-03 5.654492e+01 -4.294125e-01 9.030606e-01 9.295281e-03 -2.723224e+00 4.465669e-04 -1.008022e-02 9.999491e-01 9.288224e+01 
9.232775e-01 3.840526e-01 7.890701e-03 5.674205e+01 -3.841228e-01 9.232113e-01 1.142994e-02 -2.734371e+00 -2.895085e-03 -1.358400e-02 9.999035e-01 9.331691e+01 
9.387620e-01 3.443505e-01 1.218956e-02 5.692177e+01 -3.445197e-01 9.386290e-01 1.678476e-02 -2.747315e+00 -5.661630e-03 -1.995644e-02 9.997848e-01 9.376452e+01 
9.509248e-01 3.092021e-01 1.166502e-02 5.708618e+01 -3.093878e-01 9.507047e-01 2.097126e-02 -2.745770e+00 -4.605627e-03 -2.355110e-02 9.997120e-01 9.422160e+01 
9.605497e-01 2.778617e-01 1.171162e-02 5.720028e+01 -2.780717e-01 9.602549e-01 2.422200e-02 -2.743166e+00 -4.515771e-03 -2.652310e-02 9.996380e-01 9.463492e+01 
9.605497e-01 2.778617e-01 1.171162e-02 5.720028e+01 -2.780717e-01 9.602549e-01 2.422200e-02 -2.743166e+00 -4.515771e-03 -2.652310e-02 9.996380e-01 9.463492e+01 
9.705899e-01 2.405573e-01 9.353438e-03 5.746849e+01 -2.406823e-01 9.704719e-01 1.600868e-02 -2.752468e+00 -5.226243e-03 -1.778907e-02 9.998281e-01 9.561235e+01 
9.705899e-01 2.405573e-01 9.353438e-03 5.746849e+01 -2.406823e-01 9.704719e-01 1.600868e-02 -2.752468e+00 -5.226243e-03 -1.778907e-02 9.998281e-01 9.561235e+01 
9.707655e-01 2.398556e-01 9.150025e-03 5.743642e+01 -2.399723e-01 9.706625e-01 1.508682e-02 -2.753885e+00 -5.262929e-03 -1.684151e-02 9.998443e-01 9.551120e+01 
9.772803e-01 2.116656e-01 1.099421e-02 5.778348e+01 -2.119155e-01 9.767498e-01 3.242791e-02 -2.751171e+00 -3.874718e-03 -3.402100e-02 9.994136e-01 9.701603e+01 
9.772803e-01 2.116656e-01 1.099421e-02 5.778348e+01 -2.119155e-01 9.767498e-01 3.242791e-02 -2.751171e+00 -3.874718e-03 -3.402100e-02 9.994136e-01 9.701603e+01 
9.772803e-01 2.116656e-01 1.099421e-02 5.778348e+01 -2.119155e-01 9.767498e-01 3.242791e-02 -2.751171e+00 -3.874718e-03 -3.402100e-02 9.994136e-01 9.701603e+01 
9.773293e-01 2.114518e-01 1.075425e-02 5.778098e+01 -2.116927e-01 9.768073e-01 3.215175e-02 -2.751619e+00 -3.706286e-03 -3.369944e-02 9.994251e-01 9.701953e+01 
9.766679e-01 2.147191e-01 -3.951690e-03 5.824490e+01 -2.144273e-01 9.760272e-01 3.730784e-02 -2.770259e+00 1.186766e-02 -3.559002e-02 9.992960e-01 9.920258e+01 
9.766679e-01 2.147191e-01 -3.951690e-03 5.824490e+01 -2.144273e-01 9.760272e-01 3.730784e-02 -2.770259e+00 1.186766e-02 -3.559002e-02 9.992960e-01 9.920258e+01 
9.766679e-01 2.147191e-01 -3.951690e-03 5.824490e+01 -2.144273e-01 9.760272e-01 3.730784e-02 -2.770259e+00 1.186766e-02 -3.559002e-02 9.992960e-01 9.920258e+01 
9.766889e-01 2.146255e-01 -3.834140e-03 5.824296e+01 -2.143387e-01 9.760492e-01 3.724113e-02 -2.772759e+00 1.173520e-02 -3.555119e-02 9.992990e-01 9.922161e+01 
9.724500e-01 2.330990e-01 2.426253e-03 5.878602e+01 -2.329940e-01 9.715760e-01 4.188059e-02 -2.818467e+00 7.405034e-03 -4.129208e-02 9.991197e-01 1.015863e+02 
9.724500e-01 2.330990e-01 2.426253e-03 5.878602e+01 -2.329940e-01 9.715760e-01 4.188059e-02 -2.818467e+00 7.405034e-03 -4.129208e-02 9.991197e-01 1.015863e+02 
9.724500e-01 2.330990e-01 2.426253e-03 5.878602e+01 -2.329940e-01 9.715760e-01 4.188059e-02 -2.818467e+00 7.405034e-03 -4.129208e-02 9.991197e-01 1.015863e+02 
9.723298e-01 2.336031e-01 2.093977e-03 5.873343e+01 -2.334841e-01 9.714592e-01 4.186011e-02 -2.815910e+00 7.744438e-03 -4.119074e-02 9.991213e-01 1.015352e+02 
9.697825e-01 2.438833e-01 6.539974e-03 5.935303e+01 -2.439708e-01 9.693963e-01 2.737018e-02 -2.843946e+00 3.353030e-04 -2.813868e-02 9.996040e-01 1.040711e+02 
9.697825e-01 2.438833e-01 6.539974e-03 5.935303e+01 -2.439708e-01 9.693963e-01 2.737018e-02 -2.843946e+00 3.353030e-04 -2.813868e-02 9.996040e-01 1.040711e+02 
9.697825e-01 2.438833e-01 6.539974e-03 5.935303e+01 -2.439708e-01 9.693963e-01 2.737018e-02 -2.843946e+00 3.353030e-04 -2.813868e-02 9.996040e-01 1.040711e+02 
9.698110e-01 2.437773e-01 6.263422e-03 5.935078e+01 -2.438575e-01 9.694529e-01 2.635520e-02 -2.850728e+00 3.527083e-04 -2.708694e-02 9.996330e-01 1.040473e+02 
9.712768e-01 2.378595e-01 -6.651396e-03 6.001734e+01 -2.375672e-01 9.709153e-01 2.975383e-02 -2.869626e+00 1.353517e-02 -2.731905e-02 9.995351e-01 1.067387e+02 
9.712768e-01 2.378595e-01 -6.651396e-03 6.001734e+01 -2.375672e-01 9.709153e-01 2.975383e-02 -2.869626e+00 1.353517e-02 -2.731905e-02 9.995351e-01 1.067387e+02 
9.712768e-01 2.378595e-01 -6.651396e-03 6.001734e+01 -2.375672e-01 9.709153e-01 2.975383e-02 -2.869626e+00 1.353517e-02 -2.731905e-02 9.995351e-01 1.067387e+02 
9.712341e-01 2.380357e-01 -6.577478e-03 6.000329e+01 -2.377438e-01 9.708685e-01 2.986898e-02 -2.864449e+00 1.349575e-02 -2.744602e-02 9.995322e-01 1.067202e+02 
9.731904e-01 2.299783e-01 3.214432e-03 6.068504e+01 -2.299436e-01 9.725422e-01 3.588337e-02 -2.921066e+00 5.126227e-03 -3.566049e-02 9.993508e-01 1.095963e+02 
9.731904e-01 2.299783e-01 3.214432e-03 6.068504e+01 -2.299436e-01 9.725422e-01 3.588337e-02 -2.921066e+00 5.126227e-03 -3.566049e-02 9.993508e-01 1.095963e+02 
9.731904e-01 2.299783e-01 3.214432e-03 6.068504e+01 -2.299436e-01 9.725422e-01 3.588337e-02 -2.921066e+00 5.126227e-03 -3.566049e-02 9.993508e-01 1.095963e+02 
9.731054e-01 2.303395e-01 3.110200e-03 6.069221e+01 -2.303000e-01 9.724517e-01 3.605122e-02 -2.920323e+00 5.279501e-03 -3.579791e-02 9.993451e-01 1.096400e+02 
9.764908e-01 2.155273e-01 -3.692102e-03 6.138737e+01 -2.153268e-01 9.760909e-01 2.967934e-02 -2.963536e+00 1.000054e-02 -2.818660e-02 9.995527e-01 1.127106e+02 
9.764908e-01 2.155273e-01 -3.692102e-03 6.138737e+01 -2.153268e-01 9.760909e-01 2.967934e-02 -2.963536e+00 1.000054e-02 -2.818660e-02 9.995527e-01 1.127106e+02 
9.764908e-01 2.155273e-01 -3.692102e-03 6.138737e+01 -2.153268e-01 9.760909e-01 2.967934e-02 -2.963536e+00 1.000054e-02 -2.818660e-02 9.995527e-01 1.127106e+02 
9.765515e-01 2.152468e-01 -3.998090e-03 6.138961e+01 -2.150443e-01 9.761723e-01 2.904484e-02 -2.955545e+00 1.015463e-02 -2.750402e-02 9.995701e-01 1.126620e+02 
