1.000000e+00 0.000000e+00 0.000000e+00 0.000000e+00 0.000000e+00 1.000000e+00 0.000000e+00 0.000000e+00 0.000000e+00 0.000000e+00 1.000000e+00 -0.000000e+00 
1.000000e+00 0.000000e+00 0.000000e+00 0.000000e+00 0.000000e+00 1.000000e+00 0.000000e+00 0.000000e+00 0.000000e+00 0.000000e+00 1.000000e+00 -0.000000e+00 
1.000000e+00 0.000000e+00 0.000000e+00 0.000000e+00 0.000000e+00 1.000000e+00 0.000000e+00 0.000000e+00 0.000000e+00 0.000000e+00 1.000000e+00 -0.000000e+00 
9.998247e-01 -1.783218e-02 -5.704412e-03 -2.217597e-02 1.785812e-02 9.998303e-01 4.529907e-03 -1.392558e-03 5.622666e-03 -4.630983e-03 9.999735e-01 2.080803e+00 
9.998247e-01 -1.783218e-02 -5.704412e-03 -2.217597e-02 1.785812e-02 9.998303e-01 4.529907e-03 -1.392558e-03 5.622666e-03 -4.630983e-03 9.999735e-01 2.080803e+00 
9.998247e-01 -1.783218e-02 -5.704412e-03 -2.217597e-02 1.785812e-02 9.998303e-01 4.529907e-03 -1.392558e-03 5.622666e-03 -4.630983e-03 9.999735e-01 2.080803e+00 
9.998247e-01 -1.783218e-02 -5.704412e-03 -2.217597e-02 1.785812e-02 9.998303e-01 4.529907e-03 -1.392558e-03 5.622666e-03 -4.630983e-03 9.999735e-01 2.080803e+00 
9.993715e-01 -3.540472e-02 -1.767401e-03 -1.236199e-01 3.541352e-02 9.993591e-01 5.224078e-03 -4.469711e-02 1.581312e-03 -5.283385e-03 9.999848e-01 6.034270e+00 
9.993715e-01 -3.540472e-02 -1.767401e-03 -1.236199e-01 3.541352e-02 9.993591e-01 5.224078e-03 -4.469711e-02 1.581312e-03 -5.283385e-03 9.999848e-01 6.034270e+00 
9.993715e-01 -3.540472e-02 -1.767401e-03 -1.236199e-01 3.541352e-02 9.993591e-01 5.224078e-03 -4.469711e-02 1.581312e-03 -5.283385e-03 9.999848e-01 6.034270e+00 
9.993715e-01 -3.540472e-02 -1.767401e-03 -1.236199e-01 3.541352e-02 9.993591e-01 5.224078e-03 -4.469711e-02 1.581312e-03 -5.283385e-03 9.999848e-01 6.034270e+00 
9.989463e-01 -4.589180e-02 -4.614620e-04 -2.654797e-01 4.589299e-02 9.989418e-01 3.019367e-03 -7.456100e-02 3.224095e-04 -3.037364e-03 9.999953e-01 9.380557e+00 
9.989463e-01 -4.589180e-02 -4.614620e-04 -2.654797e-01 4.589299e-02 9.989418e-01 3.019367e-03 -7.456100e-02 3.224095e-04 -3.037364e-03 9.999953e-01 9.380557e+00 
9.989463e-01 -4.589180e-02 -4.614620e-04 -2.654797e-01 4.589299e-02 9.989418e-01 3.019367e-03 -7.456100e-02 3.224095e-04 -3.037364e-03 9.999953e-01 9.380557e+00 
9.989463e-01 -4.589180e-02 -4.614620e-04 -2.654797e-01 4.589299e-02 9.989418e-01 3.019367e-03 -7.456100e-02 3.224095e-04 -3.037364e-03 9.999953e-01 9.380557e+00 
9.986012e-01 -5.267289e-02 -4.613016e-03 -4.410575e-01 5.268832e-02 9.986056e-01 3.291791e-03 -1.048961e-01 4.433196e-03 -3.530238e-03 9.999839e-01 1.278516e+01 
9.986012e-01 -5.267289e-02 -4.613016e-03 -4.410575e-01 5.268832e-02 9.986056e-01 3.291791e-03 -1.048961e-01 4.433196e-03 -3.530238e-03 9.999839e-01 1.278516e+01 
9.986012e-01 -5.267289e-02 -4.613016e-03 -4.410575e-01 5.268832e-02 9.986056e-01 3.291791e-03 -1.048961e-01 4.433196e-03 -3.530238e-03 9.999839e-01 1.278516e+01 
9.986012e-01 -5.267289e-02 -4.613016e-03 -4.410575e-01 5.268832e-02 9.986056e-01 3.291791e-03 -1.048961e-01 4.433196e-03 -3.530238e-03 9.999839e-01 1.278516e+01 
9.983146e-01 -5.794062e-02 -3.298137e-03 -6.545919e-01 5.796851e-02 9.982769e-01 9.104019e-03 -1.510907e-01 2.764962e-03 -9.279863e-03 9.999531e-01 1.641541e+01 
9.983146e-01 -5.794062e-02 -3.298137e-03 -6.545919e-01 5.796851e-02 9.982769e-01 9.104019e-03 -1.510907e-01 2.764962e-03 -9.279863e-03 9.999531e-01 1.641541e+01 
9.983146e-01 -5.794062e-02 -3.298137e-03 -6.545919e-01 5.796851e-02 9.982769e-01 9.104019e-03 -1.510907e-01 2.764962e-03 -9.279863e-03 9.999531e-01 1.641541e+01 
9.983146e-01 -5.794062e-02 -3.298137e-03 -6.545919e-01 5.796851e-02 9.982769e-01 9.104019e-03 -1.510907e-01 2.764962e-03 -9.279863e-03 9.999531e-01 1.641541e+01 
9.980503e-01 -6.234936e-02 -2.861038e-03 -8.879431e-01 6.236862e-02 9.980270e-01 7.226027e-03 -1.975634e-01 2.404855e-03 -7.390378e-03 9.999698e-01 2.012600e+01 
9.980503e-01 -6.234936e-02 -2.861038e-03 -8.879431e-01 6.236862e-02 9.980270e-01 7.226027e-03 -1.975634e-01 2.404855e-03 -7.390378e-03 9.999698e-01 2.012600e+01 
9.980503e-01 -6.234936e-02 -2.861038e-03 -8.879431e-01 6.236862e-02 9.980270e-01 7.226027e-03 -1.975634e-01 2.404855e-03 -7.390378e-03 9.999698e-01 2.012600e+01 
9.980503e-01 -6.234936e-02 -2.861038e-03 -8.879431e-01 6.236862e-02 9.980270e-01 7.226027e-03 -1.975634e-01 2.404855e-03 -7.390378e-03 9.999698e-01 2.012600e+01 
9.982780e-01 -5.805030e-02 8.441362e-03 -1.139236e+00 5.798272e-02 9.982852e-01 8.041735e-03 -2.460415e-01 -8.893712e-03 -7.538434e-03 9.999320e-01 2.388216e+01 
9.982780e-01 -5.805030e-02 8.441362e-03 -1.139236e+00 5.798272e-02 9.982852e-01 8.041735e-03 -2.460415e-01 -8.893712e-03 -7.538434e-03 9.999320e-01 2.388216e+01 
9.982780e-01 -5.805030e-02 8.441362e-03 -1.139236e+00 5.798272e-02 9.982852e-01 8.041735e-03 -2.460415e-01 -8.893712e-03 -7.538434e-03 9.999320e-01 2.388216e+01 
9.982780e-01 -5.805030e-02 8.441362e-03 -1.139236e+00 5.798272e-02 9.982852e-01 8.041735e-03 -2.460415e-01 -8.893712e-03 -7.538434e-03 9.999320e-01 2.388216e+01 
9.985295e-01 -5.420199e-02 -9.641368e-04 -1.367728e+00 5.420619e-02 9.985170e-01 5.058552e-03 -2.575848e-01 6.885233e-04 -5.103375e-03 9.999867e-01 2.774791e+01 
9.985295e-01 -5.420199e-02 -9.641368e-04 -1.367728e+00 5.420619e-02 9.985170e-01 5.058552e-03 -2.575848e-01 6.885233e-04 -5.103375e-03 9.999867e-01 2.774791e+01 
9.985295e-01 -5.420199e-02 -9.641368e-04 -1.367728e+00 5.420619e-02 9.985170e-01 5.058552e-03 -2.575848e-01 6.885233e-04 -5.103375e-03 9.999867e-01 2.774791e+01 
9.985295e-01 -5.420199e-02 -9.641368e-04 -1.367728e+00 5.420619e-02 9.985170e-01 5.058552e-03 -2.575848e-01 6.885233e-04 -5.103375e-03 9.999867e-01 2.774791e+01 
9.983413e-01 -5.743140e-02 4.042539e-03 -1.596154e+00 5.746830e-02 9.983003e-01 -9.695075e-03 -2.889738e-01 -3.478866e-03 9.911312e-03 9.999448e-01 3.170321e+01 
9.983413e-01 -5.743140e-02 4.042539e-03 -1.596154e+00 5.746830e-02 9.983003e-01 -9.695075e-03 -2.889738e-01 -3.478866e-03 9.911312e-03 9.999448e-01 3.170321e+01 
9.983413e-01 -5.743140e-02 4.042539e-03 -1.596154e+00 5.746830e-02 9.983003e-01 -9.695075e-03 -2.889738e-01 -3.478866e-03 9.911312e-03 9.999448e-01 3.170321e+01 
9.983413e-01 -5.743140e-02 4.042539e-03 -1.596154e+00 5.746830e-02 9.983003e-01 -9.695075e-03 -2.889738e-01 -3.478866e-03 9.911312e-03 9.999448e-01 3.170321e+01 
9.980219e-01 -6.275572e-02 3.743275e-03 -1.851410e+00 6.277414e-02 9.980151e-01 -5.024951e-03 -3.282317e-01 -3.420501e-03 5.249992e-03 9.999804e-01 3.567611e+01 
9.980219e-01 -6.275572e-02 3.743275e-03 -1.851410e+00 6.277414e-02 9.980151e-01 -5.024951e-03 -3.282317e-01 -3.420501e-03 5.249992e-03 9.999804e-01 3.567611e+01 
9.980219e-01 -6.275572e-02 3.743275e-03 -1.851410e+00 6.277414e-02 9.980151e-01 -5.024951e-03 -3.282317e-01 -3.420501e-03 5.249992e-03 9.999804e-01 3.567611e+01 
9.980219e-01 -6.275572e-02 3.743275e-03 -1.851410e+00 6.277414e-02 9.980151e-01 -5.024951e-03 -3.282317e-01 -3.420501e-03 5.249992e-03 9.999804e-01 3.567611e+01 
9.977681e-01 -6.548345e-02 1.306803e-02 -2.113773e+00 6.548348e-02 9.978536e-01 4.262409e-04 -3.613528e-01 -1.306789e-02 4.304502e-04 9.999145e-01 3.964618e+01 
9.977681e-01 -6.548345e-02 1.306803e-02 -2.113773e+00 6.548348e-02 9.978536e-01 4.262409e-04 -3.613528e-01 -1.306789e-02 4.304502e-04 9.999145e-01 3.964618e+01 
9.977681e-01 -6.548345e-02 1.306803e-02 -2.113773e+00 6.548348e-02 9.978536e-01 4.262409e-04 -3.613528e-01 -1.306789e-02 4.304502e-04 9.999145e-01 3.964618e+01 
9.977681e-01 -6.548345e-02 1.306803e-02 -2.113773e+00 6.548348e-02 9.978536e-01 4.262409e-04 -3.613528e-01 -1.306789e-02 4.304502e-04 9.999145e-01 3.964618e+01 
9.977328e-01 -6.675707e-02 8.532712e-03 -2.389791e+00 6.674809e-02 9.977690e-01 1.332820e-03 -3.666092e-01 -8.602650e-03 -7.602557e-04 9.999627e-01 4.360881e+01 
9.977328e-01 -6.675707e-02 8.532712e-03 -2.389791e+00 6.674809e-02 9.977690e-01 1.332820e-03 -3.666092e-01 -8.602650e-03 -7.602557e-04 9.999627e-01 4.360881e+01 
9.977328e-01 -6.675707e-02 8.532712e-03 -2.389791e+00 6.674809e-02 9.977690e-01 1.332820e-03 -3.666092e-01 -8.602650e-03 -7.602557e-04 9.999627e-01 4.360881e+01 
9.977328e-01 -6.675707e-02 8.532712e-03 -2.389791e+00 6.674809e-02 9.977690e-01 1.332820e-03 -3.666092e-01 -8.602650e-03 -7.602557e-04 9.999627e-01 4.360881e+01 
9.975554e-01 -6.978523e-02 3.636083e-03 -2.675319e+00 6.978200e-02 9.975618e-01 1.009677e-03 -3.788373e-01 -3.697678e-03 -7.534759e-04 9.999929e-01 4.756315e+01 
9.975554e-01 -6.978523e-02 3.636083e-03 -2.675319e+00 6.978200e-02 9.975618e-01 1.009677e-03 -3.788373e-01 -3.697678e-03 -7.534759e-04 9.999929e-01 4.756315e+01 
9.975554e-01 -6.978523e-02 3.636083e-03 -2.675319e+00 6.978200e-02 9.975618e-01 1.009677e-03 -3.788373e-01 -3.697678e-03 -7.534759e-04 9.999929e-01 4.756315e+01 
9.975554e-01 -6.978523e-02 3.636083e-03 -2.675319e+00 6.978200e-02 9.975618e-01 1.009677e-03 -3.788373e-01 -3.697678e-03 -7.534759e-04 9.999929e-01 4.756315e+01 
9.974369e-01 -7.083940e-02 1.006770e-02 -2.956697e+00 7.087584e-02 9.974797e-01 -3.310380e-03 -4.189180e-01 -9.807821e-03 4.015452e-03 9.999438e-01 5.141983e+01 
9.974369e-01 -7.083940e-02 1.006770e-02 -2.956697e+00 7.087584e-02 9.974797e-01 -3.310380e-03 -4.189180e-01 -9.807821e-03 4.015452e-03 9.999438e-01 5.141983e+01 
9.974369e-01 -7.083940e-02 1.006770e-02 -2.956697e+00 7.087584e-02 9.974797e-01 -3.310380e-03 -4.189180e-01 -9.807821e-03 4.015452e-03 9.999438e-01 5.141983e+01 
9.974369e-01 -7.083940e-02 1.006770e-02 -2.956697e+00 7.087584e-02 9.974797e-01 -3.310380e-03 -4.189180e-01 -9.807821e-03 4.015452e-03 9.999438e-01 5.141983e+01 
9.971901e-01 -7.372118e-02 1.330713e-02 -3.250830e+00 7.389954e-02 9.971750e-01 -1.344998e-02 -4.379913e-01 -1.227799e-02 1.439558e-02 9.998210e-01 5.526234e+01 
9.971901e-01 -7.372118e-02 1.330713e-02 -3.250830e+00 7.389954e-02 9.971750e-01 -1.344998e-02 -4.379913e-01 -1.227799e-02 1.439558e-02 9.998210e-01 5.526234e+01 
9.971901e-01 -7.372118e-02 1.330713e-02 -3.250830e+00 7.389954e-02 9.971750e-01 -1.344998e-02 -4.379913e-01 -1.227799e-02 1.439558e-02 9.998210e-01 5.526234e+01 
9.971901e-01 -7.372118e-02 1.330713e-02 -3.250830e+00 7.389954e-02 9.971750e-01 -1.344998e-02 -4.379913e-01 -1.227799e-02 1.439558e-02 9.998210e-01 5.526234e+01 
9.969944e-01 -7.702669e-02 8.308971e-03 -3.536635e+00 7.709584e-02 9.969887e-01 -8.349974e-03 -4.473045e-01 -7.640779e-03 8.965465e-03 9.999306e-01 5.904228e+01 
9.969944e-01 -7.702669e-02 8.308971e-03 -3.536635e+00 7.709584e-02 9.969887e-01 -8.349974e-03 -4.473045e-01 -7.640779e-03 8.965465e-03 9.999306e-01 5.904228e+01 
9.969944e-01 -7.702669e-02 8.308971e-03 -3.536635e+00 7.709584e-02 9.969887e-01 -8.349974e-03 -4.473045e-01 -7.640779e-03 8.965465e-03 9.999306e-01 5.904228e+01 
9.969944e-01 -7.702669e-02 8.308971e-03 -3.536635e+00 7.709584e-02 9.969887e-01 -8.349974e-03 -4.473045e-01 -7.640779e-03 8.965465e-03 9.999306e-01 5.904228e+01 
9.966930e-01 -8.089278e-02 7.712492e-03 -3.838130e+00 8.086835e-02 9.967189e-01 3.428166e-03 -4.863141e-01 -7.964501e-03 -2.793132e-03 9.999644e-01 6.264113e+01 
9.966930e-01 -8.089278e-02 7.712492e-03 -3.838130e+00 8.086835e-02 9.967189e-01 3.428166e-03 -4.863141e-01 -7.964501e-03 -2.793132e-03 9.999644e-01 6.264113e+01 
9.966930e-01 -8.089278e-02 7.712492e-03 -3.838130e+00 8.086835e-02 9.967189e-01 3.428166e-03 -4.863141e-01 -7.964501e-03 -2.793132e-03 9.999644e-01 6.264113e+01 
9.966930e-01 -8.089278e-02 7.712492e-03 -3.838130e+00 8.086835e-02 9.967189e-01 3.428166e-03 -4.863141e-01 -7.964501e-03 -2.793132e-03 9.999644e-01 6.264113e+01 
9.961820e-01 -8.682322e-02 9.120148e-03 -4.118805e+00 8.677419e-02 9.962120e-01 5.642287e-03 -5.248028e-01 -9.575483e-03 -4.829351e-03 9.999425e-01 6.598250e+01 
9.961820e-01 -8.682322e-02 9.120148e-03 -4.118805e+00 8.677419e-02 9.962120e-01 5.642287e-03 -5.248028e-01 -9.575483e-03 -4.829351e-03 9.999425e-01 6.598250e+01 
9.961820e-01 -8.682322e-02 9.120148e-03 -4.118805e+00 8.677419e-02 9.962120e-01 5.642287e-03 -5.248028e-01 -9.575483e-03 -4.829351e-03 9.999425e-01 6.598250e+01 
9.961820e-01 -8.682322e-02 9.120148e-03 -4.118805e+00 8.677419e-02 9.962120e-01 5.642287e-03 -5.248028e-01 -9.575483e-03 -4.829351e-03 9.999425e-01 6.598250e+01 
9.955762e-01 -9.221656e-02 1.800263e-02 -4.430493e+00 9.198416e-02 9.956711e-01 1.333799e-02 -5.398015e-01 -1.915468e-02 -1.162302e-02 9.997490e-01 6.919914e+01 
9.955762e-01 -9.221656e-02 1.800263e-02 -4.430493e+00 9.198416e-02 9.956711e-01 1.333799e-02 -5.398015e-01 -1.915468e-02 -1.162302e-02 9.997490e-01 6.919914e+01 
9.955762e-01 -9.221656e-02 1.800263e-02 -4.430493e+00 9.198416e-02 9.956711e-01 1.333799e-02 -5.398015e-01 -1.915468e-02 -1.162302e-02 9.997490e-01 6.919914e+01 
9.955762e-01 -9.221656e-02 1.800263e-02 -4.430493e+00 9.198416e-02 9.956711e-01 1.333799e-02 -5.398015e-01 -1.915468e-02 -1.162302e-02 9.997490e-01 6.919914e+01 
9.953409e-01 -9.641388e-02 -9.376146e-04 -4.709222e+00 9.641658e-02 9.952142e-01 1.588848e-02 -5.419988e-01 -5.987430e-04 -1.590486e-02 9.998733e-01 7.196127e+01 
9.953409e-01 -9.641388e-02 -9.376146e-04 -4.709222e+00 9.641658e-02 9.952142e-01 1.588848e-02 -5.419988e-01 -5.987430e-04 -1.590486e-02 9.998733e-01 7.196127e+01 
9.953409e-01 -9.641388e-02 -9.376146e-04 -4.709222e+00 9.641658e-02 9.952142e-01 1.588848e-02 -5.419988e-01 -5.987430e-04 -1.590486e-02 9.998733e-01 7.196127e+01 
9.953409e-01 -9.641388e-02 -9.376146e-04 -4.709222e+00 9.641658e-02 9.952142e-01 1.588848e-02 -5.419988e-01 -5.987430e-04 -1.590486e-02 9.998733e-01 7.196127e+01 
9.950732e-01 -9.911134e-02 -2.501169e-03 -4.989034e+00 9.912675e-02 9.950498e-01 7.060823e-03 -5.780073e-01 1.788980e-03 -7.273968e-03 9.999719e-01 7.463900e+01 
9.950732e-01 -9.911134e-02 -2.501169e-03 -4.989034e+00 9.912675e-02 9.950498e-01 7.060823e-03 -5.780073e-01 1.788980e-03 -7.273968e-03 9.999719e-01 7.463900e+01 
9.950732e-01 -9.911134e-02 -2.501169e-03 -4.989034e+00 9.912675e-02 9.950498e-01 7.060823e-03 -5.780073e-01 1.788980e-03 -7.273968e-03 9.999719e-01 7.463900e+01 
9.950732e-01 -9.911134e-02 -2.501169e-03 -4.989034e+00 9.912675e-02 9.950498e-01 7.060823e-03 -5.780073e-01 1.788980e-03 -7.273968e-03 9.999719e-01 7.463900e+01 
9.962764e-01 -8.620759e-02 -1.257827e-03 -5.208351e+00 8.621526e-02 9.962392e-01 8.623553e-03 -6.233682e-01 5.096806e-04 -8.699887e-03 9.999620e-01 7.683795e+01 
9.962764e-01 -8.620759e-02 -1.257827e-03 -5.208351e+00 8.621526e-02 9.962392e-01 8.623553e-03 -6.233682e-01 5.096806e-04 -8.699887e-03 9.999620e-01 7.683795e+01 
9.962764e-01 -8.620759e-02 -1.257827e-03 -5.208351e+00 8.621526e-02 9.962392e-01 8.623553e-03 -6.233682e-01 5.096806e-04 -8.699887e-03 9.999620e-01 7.683795e+01 
9.962764e-01 -8.620759e-02 -1.257827e-03 -5.208351e+00 8.621526e-02 9.962392e-01 8.623553e-03 -6.233682e-01 5.096806e-04 -8.699887e-03 9.999620e-01 7.683795e+01 
9.988898e-01 -4.669587e-02 6.225344e-03 -5.377128e+00 4.664112e-02 9.988741e-01 8.667933e-03 -6.684056e-01 -6.623091e-03 -8.367952e-03 9.999431e-01 7.892041e+01 
9.988898e-01 -4.669587e-02 6.225344e-03 -5.377128e+00 4.664112e-02 9.988741e-01 8.667933e-03 -6.684056e-01 -6.623091e-03 -8.367952e-03 9.999431e-01 7.892041e+01 
9.999497e-01 -6.566943e-03 7.583286e-03 -5.419312e+00 6.474999e-03 9.999060e-01 1.208617e-02 -6.751169e-01 -7.661943e-03 -1.203646e-02 9.998982e-01 7.989398e+01 
9.999497e-01 -6.566943e-03 7.583286e-03 -5.419312e+00 6.474999e-03 9.999060e-01 1.208617e-02 -6.751169e-01 -7.661943e-03 -1.203646e-02 9.998982e-01 7.989398e+01 
9.987448e-01 4.887791e-02 1.094603e-02 -5.419973e+00 -4.896300e-02 9.987713e-01 7.645679e-03 -6.879484e-01 -1.055887e-02 -8.172032e-03 9.999109e-01 8.088373e+01 
9.965578e-01 8.192137e-02 1.270471e-02 -5.397389e+00 -8.201750e-02 9.966046e-01 7.238653e-03 -6.939466e-01 -1.206857e-02 -8.255744e-03 9.998931e-01 8.133479e+01 
9.927573e-01 1.193802e-01 1.346396e-02 -5.361752e+00 -1.194835e-01 9.928104e-01 7.149347e-03 -6.976166e-01 -1.251367e-02 -8.706287e-03 9.998838e-01 8.178011e+01 
9.868837e-01 1.608389e-01 1.383488e-02 -5.310896e+00 -1.609461e-01 9.869383e-01 7.010646e-03 -6.997127e-01 -1.252659e-02 -9.145362e-03 9.998797e-01 8.220792e+01 
9.785621e-01 2.054482e-01 1.439969e-02 -5.242798e+00 -2.055562e-01 9.786240e-01 6.455591e-03 -6.990769e-01 -1.276559e-02 -9.277142e-03 9.998755e-01 8.255950e+01 
9.669427e-01 2.546395e-01 1.343510e-02 -5.162590e+00 -2.547665e-01 9.669629e-01 8.763372e-03 -7.033243e-01 -1.075974e-02 -1.189649e-02 9.998713e-01 8.297628e+01 
9.513839e-01 3.077898e-01 1.157966e-02 -5.062097e+00 -3.079017e-01 9.513701e-01 9.560300e-03 -7.094119e-01 -8.073977e-03 -1.266091e-02 9.998872e-01 8.338505e+01 
9.313804e-01 3.639012e-01 1.031719e-02 -4.954278e+00 -3.639978e-01 9.313475e-01 9.876919e-03 -7.121536e-01 -6.014666e-03 -1.295460e-02 9.998980e-01 8.376618e+01 
9.079640e-01 4.189503e-01 9.053906e-03 -4.802706e+00 -4.190333e-01 9.079016e-01 1.121261e-02 -7.096766e-01 -3.522529e-03 -1.397454e-02 9.998961e-01 8.404018e+01 
8.787728e-01 4.771764e-01 7.818084e-03 -4.651152e+00 -4.772383e-01 8.786991e-01 1.146312e-02 -7.098245e-01 -1.399811e-03 -1.380457e-02 9.999037e-01 8.440241e+01 
8.449992e-01 5.347428e-01 5.140856e-03 -4.475197e+00 -5.347662e-01 8.449368e-01 1.034102e-02 -7.070101e-01 1.186091e-03 -1.148731e-02 9.999333e-01 8.475522e+01 
8.075798e-01 5.897367e-01 5.042291e-03 -4.286285e+00 -5.897563e-01 8.075251e-01 9.521957e-03 -7.270236e-01 1.543671e-03 -1.066346e-02 9.999420e-01 8.508864e+01 
7.700161e-01 6.379952e-01 6.104492e-03 -4.060069e+00 -6.380243e-01 7.699761e-01 7.853335e-03 -7.437389e-01 3.100769e-04 -9.942009e-03 9.999505e-01 8.532894e+01 
7.267095e-01 6.868764e-01 9.698495e-03 -3.829773e+00 -6.869424e-01 7.266727e-01 7.552268e-03 -7.527474e-01 -1.860156e-03 -1.215061e-02 9.999244e-01 8.563052e+01 
6.819791e-01 7.313039e-01 9.954420e-03 -3.570026e+00 -7.313691e-01 6.819494e-01 6.650346e-03 -7.565703e-01 -1.924987e-03 -1.181575e-02 9.999283e-01 8.590337e+01 
6.354808e-01 7.720899e-01 6.427659e-03 -3.297078e+00 -7.721166e-01 6.354626e-01 4.822897e-03 -7.615138e-01 -3.608263e-04 -8.027761e-03 9.999677e-01 8.616206e+01 
5.906779e-01 8.069043e-01 2.279401e-03 -3.022789e+00 -8.069075e-01 5.906753e-01 1.727232e-03 -7.718885e-01 4.732473e-05 -2.859504e-03 9.999959e-01 8.635513e+01 
5.438461e-01 8.391766e-01 3.754243e-03 -2.721909e+00 -8.391842e-01 5.438340e-01 3.789615e-03 -7.780856e-01 1.138471e-03 -5.211468e-03 9.999858e-01 8.658201e+01 
4.967254e-01 8.678798e-01 6.967819e-03 -2.405241e+00 -8.679050e-01 4.966878e-01 6.486173e-03 -7.848955e-01 2.168388e-03 -9.269253e-03 9.999547e-01 8.678984e+01 
4.510795e-01 8.924521e-01 7.516692e-03 -2.070387e+00 -8.924728e-01 4.510161e-01 8.759201e-03 -7.896949e-01 4.427018e-03 -1.065954e-02 9.999334e-01 8.698772e+01 
4.087560e-01 9.126420e-01 1.747924e-03 -1.818481e+00 -9.126303e-01 4.087389e-01 6.196170e-03 -8.013985e-01 4.940441e-03 -4.127930e-03 9.999793e-01 8.710389e+01 
3.694898e-01 9.291702e-01 -1.095631e-02 -1.473823e+00 -9.292304e-01 3.694985e-01 -1.294776e-03 -8.040754e-01 2.845274e-03 1.065935e-02 9.999391e-01 8.725285e+01 
3.342663e-01 9.423789e-01 -1.371246e-02 -1.124749e+00 -9.424786e-01 3.342282e-01 -5.052374e-03 -8.108750e-01 -1.781602e-04 1.461254e-02 9.998932e-01 8.738805e+01 
3.013523e-01 9.534468e-01 -1.122785e-02 -7.657413e-01 -9.535098e-01 3.013603e-01 -1.010289e-03 -8.173973e-01 2.420370e-03 1.101031e-02 9.999365e-01 8.751434e+01 
2.697579e-01 9.629260e-01 -2.025418e-03 -4.509263e-01 -9.629008e-01 2.697655e-01 6.965796e-03 -8.235243e-01 7.253934e-03 7.119810e-05 9.999737e-01 8.762043e+01 
2.697579e-01 9.629260e-01 -2.025418e-03 -4.509263e-01 -9.629008e-01 2.697655e-01 6.965796e-03 -8.235243e-01 7.253934e-03 7.119810e-05 9.999737e-01 8.762043e+01 
2.160672e-01 9.763775e-01 1.375015e-03 3.199279e-01 -9.763016e-01 2.160323e-01 1.285318e-02 -8.501623e-01 1.225251e-02 -4.119581e-03 9.999164e-01 8.782820e+01 
2.160672e-01 9.763775e-01 1.375015e-03 3.199279e-01 -9.763016e-01 2.160323e-01 1.285318e-02 -8.501623e-01 1.225251e-02 -4.119581e-03 9.999164e-01 8.782820e+01 
1.718874e-01 9.850186e-01 -1.389748e-02 1.133368e+00 -9.848560e-01 1.721493e-01 2.057407e-02 -8.456216e-01 2.265829e-02 1.015059e-02 9.996917e-01 8.799759e+01 
1.718874e-01 9.850186e-01 -1.389748e-02 1.133368e+00 -9.848560e-01 1.721493e-01 2.057407e-02 -8.456216e-01 2.265829e-02 1.015059e-02 9.996917e-01 8.799759e+01 
1.345537e-01 9.908154e-01 -1.342466e-02 1.989892e+00 -9.904662e-01 1.348853e-01 2.797610e-02 -8.528458e-01 2.952994e-02 9.532387e-03 9.995184e-01 8.814510e+01 
1.345537e-01 9.908154e-01 -1.342466e-02 1.989892e+00 -9.904662e-01 1.348853e-01 2.797610e-02 -8.528458e-01 2.952994e-02 9.532387e-03 9.995184e-01 8.814510e+01 
1.044096e-01 9.944759e-01 -1.078509e-02 2.933683e+00 -9.942998e-01 1.046143e-01 2.058345e-02 -8.935520e-01 2.159802e-02 8.574508e-03 9.997300e-01 8.826988e+01 
1.044096e-01 9.944759e-01 -1.078509e-02 2.933683e+00 -9.942998e-01 1.046143e-01 2.058345e-02 -8.935520e-01 2.159802e-02 8.574508e-03 9.997300e-01 8.826988e+01 
1.044096e-01 9.944759e-01 -1.078509e-02 2.933683e+00 -9.942998e-01 1.046143e-01 2.058345e-02 -8.935520e-01 2.159802e-02 8.574508e-03 9.997300e-01 8.826988e+01 
6.956520e-02 9.973795e-01 -1.986852e-02 4.442363e+00 -9.973939e-01 6.992066e-02 1.779316e-02 -9.362440e-01 1.913575e-02 1.857896e-02 9.996443e-01 8.840575e+01 
6.908888e-02 9.974390e-01 -1.850031e-02 4.422179e+00 -9.974311e-01 6.941625e-02 1.767898e-02 -9.434981e-01 1.891793e-02 1.723136e-02 9.996725e-01 8.841044e+01 
6.908888e-02 9.974390e-01 -1.850031e-02 4.422179e+00 -9.974311e-01 6.941625e-02 1.767898e-02 -9.434981e-01 1.891793e-02 1.723136e-02 9.996725e-01 8.841044e+01 
6.908888e-02 9.974390e-01 -1.850031e-02 4.422179e+00 -9.974311e-01 6.941625e-02 1.767898e-02 -9.434981e-01 1.891793e-02 1.723136e-02 9.996725e-01 8.841044e+01 
4.373222e-02 9.987678e-01 -2.346202e-02 6.696271e+00 -9.988162e-01 4.421097e-02 2.028970e-02 -9.938045e-01 2.130197e-02 2.254693e-02 9.995188e-01 8.855473e+01 
4.376068e-02 9.987358e-01 -2.473513e-02 6.660358e+00 -9.988115e-01 4.426900e-02 2.039032e-02 -9.937223e-01 2.145954e-02 2.381344e-02 9.994861e-01 8.854584e+01 
4.376068e-02 9.987358e-01 -2.473513e-02 6.660358e+00 -9.988115e-01 4.426900e-02 2.039032e-02 -9.937223e-01 2.145954e-02 2.381344e-02 9.994861e-01 8.854584e+01 
4.376068e-02 9.987358e-01 -2.473513e-02 6.660358e+00 -9.988115e-01 4.426900e-02 2.039032e-02 -9.937223e-01 2.145954e-02 2.381344e-02 9.994861e-01 8.854584e+01 
3.098494e-02 9.990271e-01 -3.138065e-02 9.190692e+00 -9.993166e-01 3.159646e-02 1.918210e-02 -1.063594e+00 2.015495e-02 3.076485e-02 9.993234e-01 8.864766e+01 
3.087994e-02 9.990260e-01 -3.151920e-02 9.145829e+00 -9.993163e-01 3.149958e-02 1.935533e-02 -1.063805e+00 2.032932e-02 3.089996e-02 9.993157e-01 8.863174e+01 
3.087994e-02 9.990260e-01 -3.151920e-02 9.145829e+00 -9.993163e-01 3.149958e-02 1.935533e-02 -1.063805e+00 2.032932e-02 3.089996e-02 9.993157e-01 8.863174e+01 
3.087994e-02 9.990260e-01 -3.151920e-02 9.145829e+00 -9.993163e-01 3.149958e-02 1.935533e-02 -1.063805e+00 2.032932e-02 3.089996e-02 9.993157e-01 8.863174e+01 
3.736129e-02 9.983227e-01 -4.422480e-02 1.199672e+01 -9.991039e-01 3.819812e-02 1.823061e-02 -1.138109e+00 1.988933e-02 4.350405e-02 9.988553e-01 8.872844e+01 
3.722672e-02 9.983256e-01 -4.427375e-02 1.196999e+01 -9.991073e-01 3.806814e-02 1.831591e-02 -1.135027e+00 1.997066e-02 4.355238e-02 9.988515e-01 8.872764e+01 
3.722672e-02 9.983256e-01 -4.427375e-02 1.196999e+01 -9.991073e-01 3.806814e-02 1.831591e-02 -1.135027e+00 1.997066e-02 4.355238e-02 9.988515e-01 8.872764e+01 
3.722672e-02 9.983256e-01 -4.427375e-02 1.196999e+01 -9.991073e-01 3.806814e-02 1.831591e-02 -1.135027e+00 1.997066e-02 4.355238e-02 9.988515e-01 8.872764e+01 
5.366568e-02 9.976338e-01 -4.297429e-02 1.505363e+01 -9.984458e-01 5.425766e-02 1.272877e-02 -1.208007e+00 1.503033e-02 4.222440e-02 9.989951e-01 8.887863e+01 
5.380237e-02 9.976182e-01 -4.316628e-02 1.511347e+01 -9.984373e-01 5.440007e-02 1.279253e-02 -1.217912e+00 1.511031e-02 4.241055e-02 9.989860e-01 8.887169e+01 
5.380237e-02 9.976182e-01 -4.316628e-02 1.511347e+01 -9.984373e-01 5.440007e-02 1.279253e-02 -1.217912e+00 1.511031e-02 4.241055e-02 9.989860e-01 8.887169e+01 
5.380237e-02 9.976182e-01 -4.316628e-02 1.511347e+01 -9.984373e-01 5.440007e-02 1.279253e-02 -1.217912e+00 1.511031e-02 4.241055e-02 9.989860e-01 8.887169e+01 
6.608505e-02 9.973021e-01 -3.195728e-02 1.839830e+01 -9.975198e-01 6.680928e-02 2.215127e-02 -1.293599e+00 2.422655e-02 3.041415e-02 9.992437e-01 8.908557e+01 
6.639631e-02 9.972969e-01 -3.147096e-02 1.835342e+01 -9.974990e-01 6.710977e-02 2.218304e-02 -1.288766e+00 2.423508e-02 2.991938e-02 9.992585e-01 8.906810e+01 
6.639631e-02 9.972969e-01 -3.147096e-02 1.835342e+01 -9.974990e-01 6.710977e-02 2.218304e-02 -1.288766e+00 2.423508e-02 2.991938e-02 9.992585e-01 8.906810e+01 
6.639631e-02 9.972969e-01 -3.147096e-02 1.835342e+01 -9.974990e-01 6.710977e-02 2.218304e-02 -1.288766e+00 2.423508e-02 2.991938e-02 9.992585e-01 8.906810e+01 
6.614126e-02 9.975100e-01 -2.447887e-02 2.166764e+01 -9.975386e-01 6.667581e-02 2.170563e-02 -1.412867e+00 2.328373e-02 2.298298e-02 9.994647e-01 8.931317e+01 
6.589286e-02 9.975085e-01 -2.519761e-02 2.159706e+01 -9.975584e-01 6.643975e-02 2.151959e-02 -1.409055e+00 2.314010e-02 2.371810e-02 9.994508e-01 8.932061e+01 
6.589286e-02 9.975085e-01 -2.519761e-02 2.159706e+01 -9.975584e-01 6.643975e-02 2.151959e-02 -1.409055e+00 2.314010e-02 2.371810e-02 9.994508e-01 8.932061e+01 
6.589286e-02 9.975085e-01 -2.519761e-02 2.159706e+01 -9.975584e-01 6.643975e-02 2.151959e-02 -1.409055e+00 2.314010e-02 2.371810e-02 9.994508e-01 8.932061e+01 
6.626828e-02 9.976557e-01 -1.707684e-02 2.492316e+01 -9.975027e-01 6.665777e-02 2.334843e-02 -1.522827e+00 2.443200e-02 1.548693e-02 9.995815e-01 8.954968e+01 
6.586708e-02 9.977095e-01 -1.540105e-02 2.491232e+01 -9.975391e-01 6.621181e-02 2.306163e-02 -1.533319e+00 2.402854e-02 1.384415e-02 9.996154e-01 8.955946e+01 
6.586708e-02 9.977095e-01 -1.540105e-02 2.491232e+01 -9.975391e-01 6.621181e-02 2.306163e-02 -1.533319e+00 2.402854e-02 1.384415e-02 9.996154e-01 8.955946e+01 
6.586708e-02 9.977095e-01 -1.540105e-02 2.491232e+01 -9.975391e-01 6.621181e-02 2.306163e-02 -1.533319e+00 2.402854e-02 1.384415e-02 9.996154e-01 8.955946e+01 
4.784239e-02 9.988330e-01 -6.620034e-03 2.822524e+01 -9.986941e-01 4.795256e-02 1.762552e-02 -1.640323e+00 1.792240e-02 5.768142e-03 9.998227e-01 8.980405e+01 
4.843819e-02 9.988123e-01 -5.266445e-03 2.817375e+01 -9.986749e-01 4.852195e-02 1.714897e-02 -1.657015e+00 1.738414e-02 4.428802e-03 9.998391e-01 8.977257e+01 
4.843819e-02 9.988123e-01 -5.266445e-03 2.817375e+01 -9.986749e-01 4.852195e-02 1.714897e-02 -1.657015e+00 1.738414e-02 4.428802e-03 9.998391e-01 8.977257e+01 
4.843819e-02 9.988123e-01 -5.266445e-03 2.817375e+01 -9.986749e-01 4.852195e-02 1.714897e-02 -1.657015e+00 1.738414e-02 4.428802e-03 9.998391e-01 8.977257e+01 
1.166118e-02 9.999193e-01 -5.031396e-03 3.142485e+01 -9.997753e-01 1.174829e-02 1.764610e-02 -1.757541e+00 1.770378e-02 4.824491e-03 9.998316e-01 8.991645e+01 
1.227275e-02 9.999101e-01 -5.408258e-03 3.130918e+01 -9.997679e-01 1.236642e-02 1.764045e-02 -1.765297e+00 1.770575e-02 5.190506e-03 9.998298e-01 8.990577e+01 
1.227275e-02 9.999101e-01 -5.408258e-03 3.130918e+01 -9.997679e-01 1.236642e-02 1.764045e-02 -1.765297e+00 1.770575e-02 5.190506e-03 9.998298e-01 8.990577e+01 
-2.077073e-02 9.997702e-01 -5.297222e-03 3.369233e+01 -9.996526e-01 -2.068170e-02 1.634070e-02 -1.841869e+00 1.622739e-02 5.634790e-03 9.998524e-01 8.992457e+01 
-2.077073e-02 9.997702e-01 -5.297222e-03 3.369233e+01 -9.996526e-01 -2.068170e-02 1.634070e-02 -1.841869e+00 1.622739e-02 5.634790e-03 9.998524e-01 8.992457e+01 
-2.053632e-02 9.997711e-01 -5.993442e-03 3.366738e+01 -9.996562e-01 -2.043546e-02 1.643076e-02 -1.838928e+00 1.630452e-02 6.328809e-03 9.998470e-01 8.991410e+01 
-5.277857e-02 9.985897e-01 -5.742711e-03 3.600680e+01 -9.984312e-01 -5.266078e-02 1.902566e-02 -1.914455e+00 1.869641e-02 6.737849e-03 9.998025e-01 8.985880e+01 
-5.277857e-02 9.985897e-01 -5.742711e-03 3.600680e+01 -9.984312e-01 -5.266078e-02 1.902566e-02 -1.914455e+00 1.869641e-02 6.737849e-03 9.998025e-01 8.985880e+01 
-5.277857e-02 9.985897e-01 -5.742711e-03 3.600680e+01 -9.984312e-01 -5.266078e-02 1.902566e-02 -1.914455e+00 1.869641e-02 6.737849e-03 9.998025e-01 8.985880e+01 
-5.259170e-02 9.985995e-01 -5.751476e-03 3.596219e+01 -9.984397e-01 -5.247330e-02 1.909648e-02 -1.903905e+00 1.876793e-02 6.746818e-03 9.998011e-01 8.985396e+01 
-8.989437e-02 9.959170e-01 -8.265706e-03 3.898464e+01 -9.957618e-01 -8.971229e-02 2.025168e-02 -2.004799e+00 1.942745e-02 1.005119e-02 9.997607e-01 8.966680e+01 
-8.989437e-02 9.959170e-01 -8.265706e-03 3.898464e+01 -9.957618e-01 -8.971229e-02 2.025168e-02 -2.004799e+00 1.942745e-02 1.005119e-02 9.997607e-01 8.966680e+01 
-8.989437e-02 9.959170e-01 -8.265706e-03 3.898464e+01 -9.957618e-01 -8.971229e-02 2.025168e-02 -2.004799e+00 1.942745e-02 1.005119e-02 9.997607e-01 8.966680e+01 
-9.010868e-02 9.958910e-01 -9.034749e-03 3.899141e+01 -9.957395e-01 -8.990924e-02 2.047344e-02 -2.006296e+00 1.957701e-02 1.084109e-02 9.997496e-01 8.965004e+01 
-1.092416e-01 9.938383e-01 -1.875160e-02 4.187559e+01 -9.939306e-01 -1.089666e-01 1.510884e-02 -2.106104e+00 1.297244e-02 2.028830e-02 9.997100e-01 8.937427e+01 
-1.092416e-01 9.938383e-01 -1.875160e-02 4.187559e+01 -9.939306e-01 -1.089666e-01 1.510884e-02 -2.106104e+00 1.297244e-02 2.028830e-02 9.997100e-01 8.937427e+01 
-1.092416e-01 9.938383e-01 -1.875160e-02 4.187559e+01 -9.939306e-01 -1.089666e-01 1.510884e-02 -2.106104e+00 1.297244e-02 2.028830e-02 9.997100e-01 8.937427e+01 
-1.091618e-01 9.938817e-01 -1.682122e-02 4.178882e+01 -9.939466e-01 -1.089264e-01 1.432670e-02 -2.116429e+00 1.240677e-02 1.828332e-02 9.997559e-01 8.937540e+01 
-1.081045e-01 9.939587e-01 -1.896299e-02 4.445199e+01 -9.940356e-01 -1.077977e-01 1.652200e-02 -2.194908e+00 1.437802e-02 2.063599e-02 9.996837e-01 8.909119e+01 
-1.081045e-01 9.939587e-01 -1.896299e-02 4.445199e+01 -9.940356e-01 -1.077977e-01 1.652200e-02 -2.194908e+00 1.437802e-02 2.063599e-02 9.996837e-01 8.909119e+01 
-1.081045e-01 9.939587e-01 -1.896299e-02 4.445199e+01 -9.940356e-01 -1.077977e-01 1.652200e-02 -2.194908e+00 1.437802e-02 2.063599e-02 9.996837e-01 8.909119e+01 
-1.079368e-01 9.939409e-01 -2.076475e-02 4.449808e+01 -9.940490e-01 -1.075925e-01 1.704200e-02 -2.182009e+00 1.470461e-02 2.248064e-02 9.996391e-01 8.910571e+01 
-6.989508e-02 9.973877e-01 -1.823380e-02 4.683721e+01 -9.974111e-01 -6.956364e-02 1.821957e-02 -2.269456e+00 1.690357e-02 1.946006e-02 9.996677e-01 8.888023e+01 
-6.989508e-02 9.973877e-01 -1.823380e-02 4.683721e+01 -9.974111e-01 -6.956364e-02 1.821957e-02 -2.269456e+00 1.690357e-02 1.946006e-02 9.996677e-01 8.888023e+01 
-3.098622e-02 9.993808e-01 -1.666731e-02 4.788996e+01 -9.992903e-01 -3.061746e-02 2.194279e-02 -2.310501e+00 2.141889e-02 1.733540e-02 9.996203e-01 8.881285e+01 
-3.090937e-02 9.993822e-01 -1.672582e-02 4.793728e+01 -9.992906e-01 -3.053769e-02 2.203899e-02 -2.300723e+00 2.151461e-02 1.739516e-02 9.996172e-01 8.881789e+01 
2.180667e-02 9.996617e-01 -1.417677e-02 4.898507e+01 -9.993970e-01 2.217978e-02 2.671691e-02 -2.338919e+00 2.702231e-02 1.358561e-02 9.995425e-01 8.880460e+01 
5.525965e-02 9.983793e-01 -1.360816e-02 4.950547e+01 -9.981016e-01 5.560523e-02 2.648194e-02 -2.352035e+00 2.719571e-02 1.211894e-02 9.995567e-01 8.881411e+01 
9.344239e-02 9.955386e-01 -1.309147e-02 4.999879e+01 -9.953116e-01 9.373465e-02 2.384547e-02 -2.378092e+00 2.496621e-02 1.080192e-02 9.996299e-01 8.883703e+01 
1.355076e-01 9.907034e-01 -1.201911e-02 5.055594e+01 -9.905400e-01 1.357302e-01 2.019377e-02 -2.407921e+00 2.163739e-02 9.169005e-03 9.997238e-01 8.888874e+01 
1.808654e-01 9.834594e-01 -9.765810e-03 5.104986e+01 -9.833544e-01 1.810036e-01 1.586567e-02 -2.432179e+00 1.737088e-02 6.733703e-03 9.998264e-01 8.895376e+01 
2.294867e-01 9.732958e-01 -5.573421e-03 5.154035e+01 -9.732171e-01 2.295405e-01 1.263648e-02 -2.453898e+00 1.357836e-02 2.524245e-03 9.999046e-01 8.903833e+01 
2.810873e-01 9.596791e-01 -2.432699e-03 5.203766e+01 -9.596123e-01 2.810965e-01 1.135777e-02 -2.467439e+00 1.158364e-02 -8.580771e-04 9.999325e-01 8.915241e+01 
3.330097e-01 9.429180e-01 -3.201320e-03 5.249671e+01 -9.428424e-01 3.330236e-01 1.197752e-02 -2.475144e+00 1.235993e-02 -9.702892e-04 9.999231e-01 8.930143e+01 
3.911486e-01 9.203016e-01 -6.907937e-03 5.295941e+01 -9.202177e-01 3.912068e-01 1.251472e-02 -2.484931e+00 1.421975e-02 1.461692e-03 9.998978e-01 8.945922e+01 
4.510698e-01 8.924226e-01 -1.085624e-02 5.340977e+01 -8.922894e-01 4.511928e-01 1.564175e-02 -2.498894e+00 1.885731e-02 2.631389e-03 9.998187e-01 8.964238e+01 
5.102296e-01 8.598969e-01 -1.559233e-02 5.383490e+01 -8.596988e-01 5.104537e-01 1.884269e-02 -2.510632e+00 2.416193e-02 3.790607e-03 9.997009e-01 8.985814e+01 
5.639933e-01 8.256272e-01 -1.585200e-02 5.424104e+01 -8.253045e-01 5.642161e-01 2.307989e-02 -2.520776e+00 2.799934e-02 6.581971e-05 9.996079e-01 9.014345e+01 
6.195178e-01 7.848222e-01 -1.586886e-02 5.462793e+01 -7.843936e-01 6.197094e-01 2.620848e-02 -2.530972e+00 3.040308e-02 -3.789193e-03 9.995305e-01 9.041358e+01 
6.718693e-01 7.404597e-01 -1.763467e-02 5.499308e+01 -7.399971e-01 6.720833e-01 2.661456e-02 -2.551443e+00 3.155898e-02 -4.831898e-03 9.994902e-01 9.071016e+01 
7.204762e-01 6.932193e-01 -1.900158e-02 5.535290e+01 -6.927734e-01 7.207085e-01 2.538082e-02 -2.558421e+00 3.128907e-02 -5.122492e-03 9.994973e-01 9.105223e+01 
7.663751e-01 6.422130e-01 -1.521760e-02 5.555533e+01 -6.419033e-01 7.665007e-01 2.090025e-02 -2.585442e+00 2.508671e-02 -6.249204e-03 9.996657e-01 9.128262e+01 
8.077887e-01 5.893705e-01 -1.094508e-02 5.584852e+01 -5.891944e-01 8.078389e-01 1.569205e-02 -2.604135e+00 1.809029e-02 -6.227080e-03 9.998170e-01 9.164082e+01 
8.445448e-01 5.354570e-01 -5.466170e-03 5.611796e+01 -5.353611e-01 8.445250e-01 1.288155e-02 -2.625273e+00 1.151383e-02 -7.952672e-03 9.999021e-01 9.201820e+01 
8.758340e-01 4.826124e-01 2.601285e-04 5.637512e+01 -4.825949e-01 8.757974e-01 9.001103e-03 -2.646803e+00 4.116224e-03 -8.009008e-03 9.999595e-01 9.243765e+01 
9.023303e-01 4.310113e-01 5.410776e-03 5.656648e+01 -4.310443e-01 9.022838e-01 9.205803e-03 -2.660684e+00 -9.142498e-04 -1.063896e-02 9.999430e-01 9.279056e+01 
9.226130e-01 3.856136e-01 9.346385e-03 5.676483e+01 -3.857015e-01 9.225592e-01 1.090297e-02 -2.675009e+00 -4.418260e-03 -1.366414e-02 9.998969e-01 9.322366e+01 
9.381551e-01 3.459387e-01 1.383507e-02 5.694575e+01 -3.461400e-01 9.380353e-01 1.664270e-02 -2.686827e+00 -7.220434e-03 -2.040230e-02 9.997658e-01 9.367706e+01 
9.504203e-01 3.106821e-01 1.333983e-02 5.712001e+01 -3.109077e-01 9.502073e-01 2.103588e-02 -2.682371e+00 -6.140133e-03 -2.414038e-02 9.996897e-01 9.415181e+01 
9.601509e-01 2.791871e-01 1.283555e-02 5.721156e+01 -2.794200e-01 9.598925e-01 2.304221e-02 -2.678726e+00 -5.887663e-03 -2.571051e-02 9.996521e-01 9.450364e+01 
9.601509e-01 2.791871e-01 1.283555e-02 5.721156e+01 -2.794200e-01 9.598925e-01 2.304221e-02 -2.678726e+00 -5.887663e-03 -2.571051e-02 9.996521e-01 9.450364e+01 
9.702510e-01 2.418707e-01 1.055785e-02 5.747936e+01 -2.420099e-01 9.701597e-01 1.487964e-02 -2.691039e+00 -6.643854e-03 -1.699209e-02 9.998336e-01 9.546584e+01 
9.702510e-01 2.418707e-01 1.055785e-02 5.747936e+01 -2.420099e-01 9.701597e-01 1.487964e-02 -2.691039e+00 -6.643854e-03 -1.699209e-02 9.998336e-01 9.546584e+01 
9.704245e-01 2.411966e-01 1.002647e-02 5.745271e+01 -2.413211e-01 9.703449e-01 1.396290e-02 -2.684746e+00 -6.361333e-03 -1.596954e-02 9.998522e-01 9.539837e+01 
9.768868e-01 2.134083e-01 1.221127e-02 5.779353e+01 -2.136954e-01 9.763844e-01 3.174525e-02 -2.682249e+00 -5.148191e-03 -3.362100e-02 9.994214e-01 9.692941e+01 
9.768868e-01 2.134083e-01 1.221127e-02 5.779353e+01 -2.136954e-01 9.763844e-01 3.174525e-02 -2.682249e+00 -5.148191e-03 -3.362100e-02 9.994214e-01 9.692941e+01 
9.768868e-01 2.134083e-01 1.221127e-02 5.779353e+01 -2.136954e-01 9.763844e-01 3.174525e-02 -2.682249e+00 -5.148191e-03 -3.362100e-02 9.994214e-01 9.692941e+01 
9.770159e-01 2.128212e-01 1.212754e-02 5.779266e+01 -2.131073e-01 9.765027e-01 3.205764e-02 -2.684240e+00 -5.020035e-03 -3.390529e-02 9.994124e-01 9.688629e+01 
9.763878e-01 2.160097e-01 -2.592665e-03 5.825968e+01 -2.157690e-01 9.757435e-01 3.699029e-02 -2.701306e+00 1.052004e-02 -3.555745e-02 9.993123e-01 9.906412e+01 
9.763878e-01 2.160097e-01 -2.592665e-03 5.825968e+01 -2.157690e-01 9.757435e-01 3.699029e-02 -2.701306e+00 1.052004e-02 -3.555745e-02 9.993123e-01 9.906412e+01 
9.763878e-01 2.160097e-01 -2.592665e-03 5.825968e+01 -2.157690e-01 9.757435e-01 3.699029e-02 -2.701306e+00 1.052004e-02 -3.555745e-02 9.993123e-01 9.906412e+01 
9.764125e-01 2.158941e-01 -2.898498e-03 5.825647e+01 -2.156470e-01 9.757860e-01 3.657882e-02 -2.699655e+00 1.072547e-02 -3.509096e-02 9.993266e-01 9.907664e+01 
9.720980e-01 2.345492e-01 3.495296e-03 5.879309e+01 -2.344894e-01 9.712311e-01 4.153279e-02 -2.743318e+00 6.346743e-03 -4.119355e-02 9.991310e-01 1.014347e+02 
9.720980e-01 2.345492e-01 3.495296e-03 5.879309e+01 -2.344894e-01 9.712311e-01 4.153279e-02 -2.743318e+00 6.346743e-03 -4.119355e-02 9.991310e-01 1.014347e+02 
9.720980e-01 2.345492e-01 3.495296e-03 5.879309e+01 -2.344894e-01 9.712311e-01 4.153279e-02 -2.743318e+00 6.346743e-03 -4.119355e-02 9.991310e-01 1.014347e+02 
9.719852e-01 2.350235e-01 2.962887e-03 5.876940e+01 -2.349456e-01 9.711473e-01 4.090717e-02 -2.738455e+00 6.736747e-03 -4.045728e-02 9.991586e-01 1.014498e+02 
9.694791e-01 2.450675e-01 7.221868e-03 5.939948e+01 -2.451727e-01 9.691482e-01 2.534082e-02 -2.770375e+00 -7.888467e-04 -2.633800e-02 9.996528e-01 1.039806e+02 
9.694791e-01 2.450675e-01 7.221868e-03 5.939948e+01 -2.451727e-01 9.691482e-01 2.534082e-02 -2.770375e+00 -7.888467e-04 -2.633800e-02 9.996528e-01 1.039806e+02 
9.694791e-01 2.450675e-01 7.221868e-03 5.939948e+01 -2.451727e-01 9.691482e-01 2.534082e-02 -2.770375e+00 -7.888467e-04 -2.633800e-02 9.996528e-01 1.039806e+02 
9.694342e-01 2.452418e-01 7.337182e-03 5.938289e+01 -2.453502e-01 9.690936e-01 2.570871e-02 -2.770671e+00 -8.055654e-04 -2.672308e-02 9.996426e-01 1.039616e+02 
9.708782e-01 2.395079e-01 -5.607528e-03 6.004976e+01 -2.392519e-01 9.705216e-01 2.909128e-02 -2.786914e+00 1.240982e-02 -2.690248e-02 9.995610e-01 1.066646e+02 
9.708782e-01 2.395079e-01 -5.607528e-03 6.004976e+01 -2.392519e-01 9.705216e-01 2.909128e-02 -2.786914e+00 1.240982e-02 -2.690248e-02 9.995610e-01 1.066646e+02 
9.708782e-01 2.395079e-01 -5.607528e-03 6.004976e+01 -2.392519e-01 9.705216e-01 2.909128e-02 -2.786914e+00 1.240982e-02 -2.690248e-02 9.995610e-01 1.066646e+02 
9.708343e-01 2.396795e-01 -5.873691e-03 6.004091e+01 -2.394196e-01 9.704883e-01 2.882259e-02 -2.784679e+00 1.260853e-02 -2.657568e-02 9.995673e-01 1.066324e+02 
9.727532e-01 2.318122e-01 3.779797e-03 6.072027e+01 -2.318030e-01 9.721532e-01 3.443094e-02 -2.838118e+00 4.306969e-03 -3.436898e-02 9.993999e-01 1.095165e+02 
9.727532e-01 2.318122e-01 3.779797e-03 6.072027e+01 -2.318030e-01 9.721532e-01 3.443094e-02 -2.838118e+00 4.306969e-03 -3.436898e-02 9.993999e-01 1.095165e+02 
9.727532e-01 2.318122e-01 3.779797e-03 6.072027e+01 -2.318030e-01 9.721532e-01 3.443094e-02 -2.838118e+00 4.306969e-03 -3.436898e-02 9.993999e-01 1.095165e+02 
9.727031e-01 2.320130e-01 4.318285e-03 6.073792e+01 -2.320135e-01 9.720249e-01 3.656938e-02 -2.828979e+00 4.287090e-03 -3.657305e-02 9.993218e-01 1.095695e+02 
9.760988e-01 2.173144e-01 -2.355018e-03 6.143762e+01 -2.171462e-01 9.756709e-01 3.022878e-02 -2.869131e+00 8.866872e-03 -2.899490e-02 9.995402e-01 1.126530e+02 
9.760988e-01 2.173144e-01 -2.355018e-03 6.143762e+01 -2.171462e-01 9.756709e-01 3.022878e-02 -2.869131e+00 8.866872e-03 -2.899490e-02 9.995402e-01 1.126530e+02 
9.760988e-01 2.173144e-01 -2.355018e-03 6.143762e+01 -2.171462e-01 9.756709e-01 3.022878e-02 -2.869131e+00 8.866872e-03 -2.899490e-02 9.995402e-01 1.126530e+02 
9.761517e-01 2.170760e-01 -2.406149e-03 6.142607e+01 -2.169111e-01 9.757393e-01 2.970416e-02 -2.872179e+00 8.795836e-03 -2.847385e-02 9.995558e-01 1.125697e+02 
