1.000000e+00 0.000000e+00 0.000000e+00 0.000000e+00 0.000000e+00 1.000000e+00 0.000000e+00 0.000000e+00 0.000000e+00 0.000000e+00 1.000000e+00 -0.000000e+00 
1.000000e+00 0.000000e+00 0.000000e+00 0.000000e+00 0.000000e+00 1.000000e+00 0.000000e+00 0.000000e+00 0.000000e+00 0.000000e+00 1.000000e+00 -0.000000e+00 
1.000000e+00 0.000000e+00 0.000000e+00 0.000000e+00 0.000000e+00 1.000000e+00 0.000000e+00 0.000000e+00 0.000000e+00 0.000000e+00 1.000000e+00 -0.000000e+00 
9.999967e-01 -1.227253e-03 -2.277253e-03 3.272805e-02 1.222669e-03 9.999972e-01 -2.013290e-03 -1.457042e-02 2.279718e-03 2.010498e-03 9.999954e-01 2.085861e+00 
9.999967e-01 -1.227253e-03 -2.277253e-03 3.272805e-02 1.222669e-03 9.999972e-01 -2.013290e-03 -1.457042e-02 2.279718e-03 2.010498e-03 9.999954e-01 2.085861e+00 
9.999967e-01 -1.227253e-03 -2.277253e-03 3.272805e-02 1.222669e-03 9.999972e-01 -2.013290e-03 -1.457042e-02 2.279718e-03 2.010498e-03 9.999954e-01 2.085861e+00 
9.999967e-01 -1.227253e-03 -2.277253e-03 3.272805e-02 1.222669e-03 9.999972e-01 -2.013290e-03 -1.457042e-02 2.279718e-03 2.010498e-03 9.999954e-01 2.085861e+00 
9.999944e-01 -2.012126e-03 -2.688056e-03 -1.514778e-02 2.009221e-03 9.999974e-01 -1.082781e-03 -1.746853e-01 2.690228e-03 1.077374e-03 9.999958e-01 1.059513e+01 
9.999944e-01 -2.012126e-03 -2.688056e-03 -1.514778e-02 2.009221e-03 9.999974e-01 -1.082781e-03 -1.746853e-01 2.690228e-03 1.077374e-03 9.999958e-01 1.059513e+01 
9.999944e-01 -2.012126e-03 -2.688056e-03 -1.514778e-02 2.009221e-03 9.999974e-01 -1.082781e-03 -1.746853e-01 2.690228e-03 1.077374e-03 9.999958e-01 1.059513e+01 
9.999944e-01 -2.012126e-03 -2.688056e-03 -1.514778e-02 2.009221e-03 9.999974e-01 -1.082781e-03 -1.746853e-01 2.690228e-03 1.077374e-03 9.999958e-01 1.059513e+01 
9.999999e-01 -3.509297e-04 -7.597559e-05 -6.727829e-02 3.512079e-04 9.999931e-01 3.693619e-03 -2.828644e-01 7.467887e-05 -3.693645e-03 9.999932e-01 1.606647e+01 
9.999999e-01 -3.509297e-04 -7.597559e-05 -6.727829e-02 3.512079e-04 9.999931e-01 3.693619e-03 -2.828644e-01 7.467887e-05 -3.693645e-03 9.999932e-01 1.606647e+01 
9.999999e-01 -3.509297e-04 -7.597559e-05 -6.727829e-02 3.512079e-04 9.999931e-01 3.693619e-03 -2.828644e-01 7.467887e-05 -3.693645e-03 9.999932e-01 1.606647e+01 
9.999999e-01 -3.509297e-04 -7.597559e-05 -6.727829e-02 3.512079e-04 9.999931e-01 3.693619e-03 -2.828644e-01 7.467887e-05 -3.693645e-03 9.999932e-01 1.606647e+01 
9.999930e-01 1.730509e-04 -3.746368e-03 -8.677905e-02 -1.781801e-04 9.999990e-01 -1.368825e-03 -3.809840e-01 3.746127e-03 1.369482e-03 9.999920e-01 2.150318e+01 
9.999930e-01 1.730509e-04 -3.746368e-03 -8.677905e-02 -1.781801e-04 9.999990e-01 -1.368825e-03 -3.809840e-01 3.746127e-03 1.369482e-03 9.999920e-01 2.150318e+01 
9.999930e-01 1.730509e-04 -3.746368e-03 -8.677905e-02 -1.781801e-04 9.999990e-01 -1.368825e-03 -3.809840e-01 3.746127e-03 1.369482e-03 9.999920e-01 2.150318e+01 
9.999930e-01 1.730509e-04 -3.746368e-03 -8.677905e-02 -1.781801e-04 9.999990e-01 -1.368825e-03 -3.809840e-01 3.746127e-03 1.369482e-03 9.999920e-01 2.150318e+01 
9.999973e-01 1.795727e-03 1.484224e-03 -1.256424e-01 -1.791049e-03 9.999934e-01 -3.147596e-03 -4.628736e-01 -1.489866e-03 3.144929e-03 9.999939e-01 2.698677e+01 
9.999973e-01 1.795727e-03 1.484224e-03 -1.256424e-01 -1.791049e-03 9.999934e-01 -3.147596e-03 -4.628736e-01 -1.489866e-03 3.144929e-03 9.999939e-01 2.698677e+01 
9.999973e-01 1.795727e-03 1.484224e-03 -1.256424e-01 -1.791049e-03 9.999934e-01 -3.147596e-03 -4.628736e-01 -1.489866e-03 3.144929e-03 9.999939e-01 2.698677e+01 
9.999973e-01 1.795727e-03 1.484224e-03 -1.256424e-01 -1.791049e-03 9.999934e-01 -3.147596e-03 -4.628736e-01 -1.489866e-03 3.144929e-03 9.999939e-01 2.698677e+01 
9.999757e-01 3.757377e-03 -5.872472e-03 -1.488405e-01 -3.748973e-03 9.999919e-01 1.441360e-03 -5.762015e-01 5.877840e-03 -1.419309e-03 9.999817e-01 3.279948e+01 
9.999757e-01 3.757377e-03 -5.872472e-03 -1.488405e-01 -3.748973e-03 9.999919e-01 1.441360e-03 -5.762015e-01 5.877840e-03 -1.419309e-03 9.999817e-01 3.279948e+01 
9.999757e-01 3.757377e-03 -5.872472e-03 -1.488405e-01 -3.748973e-03 9.999919e-01 1.441360e-03 -5.762015e-01 5.877840e-03 -1.419309e-03 9.999817e-01 3.279948e+01 
9.999757e-01 3.757377e-03 -5.872472e-03 -1.488405e-01 -3.748973e-03 9.999919e-01 1.441360e-03 -5.762015e-01 5.877840e-03 -1.419309e-03 9.999817e-01 3.279948e+01 
9.999925e-01 2.834619e-03 -2.646106e-03 -1.274485e-01 -2.817929e-03 9.999762e-01 6.289616e-03 -6.703705e-01 2.663872e-03 -6.282112e-03 9.999767e-01 3.824794e+01 
9.999925e-01 2.834619e-03 -2.646106e-03 -1.274485e-01 -2.817929e-03 9.999762e-01 6.289616e-03 -6.703705e-01 2.663872e-03 -6.282112e-03 9.999767e-01 3.824794e+01 
9.999925e-01 2.834619e-03 -2.646106e-03 -1.274485e-01 -2.817929e-03 9.999762e-01 6.289616e-03 -6.703705e-01 2.663872e-03 -6.282112e-03 9.999767e-01 3.824794e+01 
9.999925e-01 2.834619e-03 -2.646106e-03 -1.274485e-01 -2.817929e-03 9.999762e-01 6.289616e-03 -6.703705e-01 2.663872e-03 -6.282112e-03 9.999767e-01 3.824794e+01 
9.999922e-01 2.486445e-03 -3.073134e-03 -1.719757e-01 -2.445246e-03 9.999081e-01 1.333808e-02 -7.906654e-01 3.106016e-03 -1.333046e-02 9.999063e-01 4.400931e+01 
9.999922e-01 2.486445e-03 -3.073134e-03 -1.719757e-01 -2.445246e-03 9.999081e-01 1.333808e-02 -7.906654e-01 3.106016e-03 -1.333046e-02 9.999063e-01 4.400931e+01 
9.999922e-01 2.486445e-03 -3.073134e-03 -1.719757e-01 -2.445246e-03 9.999081e-01 1.333808e-02 -7.906654e-01 3.106016e-03 -1.333046e-02 9.999063e-01 4.400931e+01 
9.999922e-01 2.486445e-03 -3.073134e-03 -1.719757e-01 -2.445246e-03 9.999081e-01 1.333808e-02 -7.906654e-01 3.106016e-03 -1.333046e-02 9.999063e-01 4.400931e+01 
9.999967e-01 -1.610349e-03 -1.993812e-03 -1.817322e-01 1.631964e-03 9.999394e-01 1.088734e-02 -9.103206e-01 1.976158e-03 -1.089056e-02 9.999387e-01 4.965796e+01 
9.999967e-01 -1.610349e-03 -1.993812e-03 -1.817322e-01 1.631964e-03 9.999394e-01 1.088734e-02 -9.103206e-01 1.976158e-03 -1.089056e-02 9.999387e-01 4.965796e+01 
9.999967e-01 -1.610349e-03 -1.993812e-03 -1.817322e-01 1.631964e-03 9.999394e-01 1.088734e-02 -9.103206e-01 1.976158e-03 -1.089056e-02 9.999387e-01 4.965796e+01 
9.999967e-01 -1.610349e-03 -1.993812e-03 -1.817322e-01 1.631964e-03 9.999394e-01 1.088734e-02 -9.103206e-01 1.976158e-03 -1.089056e-02 9.999387e-01 4.965796e+01 
9.999858e-01 -5.318474e-03 3.088415e-04 -2.066029e-01 5.315554e-03 9.999472e-01 8.792251e-03 -1.014334e+00 -3.555865e-04 -8.790484e-03 9.999613e-01 5.546758e+01 
9.999858e-01 -5.318474e-03 3.088415e-04 -2.066029e-01 5.315554e-03 9.999472e-01 8.792251e-03 -1.014334e+00 -3.555865e-04 -8.790484e-03 9.999613e-01 5.546758e+01 
9.999858e-01 -5.318474e-03 3.088415e-04 -2.066029e-01 5.315554e-03 9.999472e-01 8.792251e-03 -1.014334e+00 -3.555865e-04 -8.790484e-03 9.999613e-01 5.546758e+01 
9.999858e-01 -5.318474e-03 3.088415e-04 -2.066029e-01 5.315554e-03 9.999472e-01 8.792251e-03 -1.014334e+00 -3.555865e-04 -8.790484e-03 9.999613e-01 5.546758e+01 
9.999879e-01 -4.690767e-03 1.515243e-03 -2.759097e-01 4.686542e-03 9.999852e-01 2.779826e-03 -1.124754e+00 -1.528260e-03 -2.772691e-03 9.999950e-01 6.097525e+01 
9.999879e-01 -4.690767e-03 1.515243e-03 -2.759097e-01 4.686542e-03 9.999852e-01 2.779826e-03 -1.124754e+00 -1.528260e-03 -2.772691e-03 9.999950e-01 6.097525e+01 
9.999879e-01 -4.690767e-03 1.515243e-03 -2.759097e-01 4.686542e-03 9.999852e-01 2.779826e-03 -1.124754e+00 -1.528260e-03 -2.772691e-03 9.999950e-01 6.097525e+01 
9.999879e-01 -4.690767e-03 1.515243e-03 -2.759097e-01 4.686542e-03 9.999852e-01 2.779826e-03 -1.124754e+00 -1.528260e-03 -2.772691e-03 9.999950e-01 6.097525e+01 
9.999962e-01 -2.741267e-03 2.398727e-05 -3.424646e-01 2.741277e-03 9.999962e-01 -4.098131e-04 -1.236795e+00 -2.286377e-05 4.098773e-04 9.999999e-01 6.683357e+01 
9.999962e-01 -2.741267e-03 2.398727e-05 -3.424646e-01 2.741277e-03 9.999962e-01 -4.098131e-04 -1.236795e+00 -2.286377e-05 4.098773e-04 9.999999e-01 6.683357e+01 
9.999962e-01 -2.741267e-03 2.398727e-05 -3.424646e-01 2.741277e-03 9.999962e-01 -4.098131e-04 -1.236795e+00 -2.286377e-05 4.098773e-04 9.999999e-01 6.683357e+01 
9.999962e-01 -2.741267e-03 2.398727e-05 -3.424646e-01 2.741277e-03 9.999962e-01 -4.098131e-04 -1.236795e+00 -2.286377e-05 4.098773e-04 9.999999e-01 6.683357e+01 
9.999972e-01 -6.773028e-05 2.366275e-03 -3.750017e-01 3.112715e-05 9.998804e-01 1.546528e-02 -1.331043e+00 -2.367040e-03 -1.546516e-02 9.998776e-01 7.236489e+01 
9.999972e-01 -6.773028e-05 2.366275e-03 -3.750017e-01 3.112715e-05 9.998804e-01 1.546528e-02 -1.331043e+00 -2.367040e-03 -1.546516e-02 9.998776e-01 7.236489e+01 
9.999972e-01 -6.773028e-05 2.366275e-03 -3.750017e-01 3.112715e-05 9.998804e-01 1.546528e-02 -1.331043e+00 -2.367040e-03 -1.546516e-02 9.998776e-01 7.236489e+01 
9.999972e-01 -6.773028e-05 2.366275e-03 -3.750017e-01 3.112715e-05 9.998804e-01 1.546528e-02 -1.331043e+00 -2.367040e-03 -1.546516e-02 9.998776e-01 7.236489e+01 
9.999947e-01 2.134640e-03 2.447012e-03 -4.243612e-01 -2.178351e-03 9.998356e-01 1.800172e-02 -1.428865e+00 -2.408182e-03 -1.800696e-02 9.998350e-01 7.791300e+01 
9.999947e-01 2.134640e-03 2.447012e-03 -4.243612e-01 -2.178351e-03 9.998356e-01 1.800172e-02 -1.428865e+00 -2.408182e-03 -1.800696e-02 9.998350e-01 7.791300e+01 
9.999947e-01 2.134640e-03 2.447012e-03 -4.243612e-01 -2.178351e-03 9.998356e-01 1.800172e-02 -1.428865e+00 -2.408182e-03 -1.800696e-02 9.998350e-01 7.791300e+01 
9.999947e-01 2.134640e-03 2.447012e-03 -4.243612e-01 -2.178351e-03 9.998356e-01 1.800172e-02 -1.428865e+00 -2.408182e-03 -1.800696e-02 9.998350e-01 7.791300e+01 
9.999982e-01 1.323185e-03 1.353095e-03 -4.639650e-01 -1.344737e-03 9.998702e-01 1.605356e-02 -1.524792e+00 -1.331678e-03 -1.605535e-02 9.998702e-01 8.352547e+01 
9.999982e-01 1.323185e-03 1.353095e-03 -4.639650e-01 -1.344737e-03 9.998702e-01 1.605356e-02 -1.524792e+00 -1.331678e-03 -1.605535e-02 9.998702e-01 8.352547e+01 
9.999982e-01 1.323185e-03 1.353095e-03 -4.639650e-01 -1.344737e-03 9.998702e-01 1.605356e-02 -1.524792e+00 -1.331678e-03 -1.605535e-02 9.998702e-01 8.352547e+01 
9.999982e-01 1.323185e-03 1.353095e-03 -4.639650e-01 -1.344737e-03 9.998702e-01 1.605356e-02 -1.524792e+00 -1.331678e-03 -1.605535e-02 9.998702e-01 8.352547e+01 
9.999881e-01 -2.287630e-03 4.305781e-03 -5.141196e-01 2.238324e-03 9.999323e-01 1.142151e-02 -1.637339e+00 -4.331618e-03 -1.141173e-02 9.999255e-01 8.924582e+01 
9.999881e-01 -2.287630e-03 4.305781e-03 -5.141196e-01 2.238324e-03 9.999323e-01 1.142151e-02 -1.637339e+00 -4.331618e-03 -1.141173e-02 9.999255e-01 8.924582e+01 
9.999881e-01 -2.287630e-03 4.305781e-03 -5.141196e-01 2.238324e-03 9.999323e-01 1.142151e-02 -1.637339e+00 -4.331618e-03 -1.141173e-02 9.999255e-01 8.924582e+01 
9.999881e-01 -2.287630e-03 4.305781e-03 -5.141196e-01 2.238324e-03 9.999323e-01 1.142151e-02 -1.637339e+00 -4.331618e-03 -1.141173e-02 9.999255e-01 8.924582e+01 
9.999867e-01 -4.353785e-03 2.756695e-03 -5.546212e-01 4.333239e-03 9.999631e-01 7.415753e-03 -1.736815e+00 -2.788880e-03 -7.403709e-03 9.999687e-01 9.446795e+01 
9.999867e-01 -4.353785e-03 2.756695e-03 -5.546212e-01 4.333239e-03 9.999631e-01 7.415753e-03 -1.736815e+00 -2.788880e-03 -7.403709e-03 9.999687e-01 9.446795e+01 
9.999867e-01 -4.353785e-03 2.756695e-03 -5.546212e-01 4.333239e-03 9.999631e-01 7.415753e-03 -1.736815e+00 -2.788880e-03 -7.403709e-03 9.999687e-01 9.446795e+01 
9.999867e-01 -4.353785e-03 2.756695e-03 -5.546212e-01 4.333239e-03 9.999631e-01 7.415753e-03 -1.736815e+00 -2.788880e-03 -7.403709e-03 9.999687e-01 9.446795e+01 
9.999894e-01 -3.387745e-03 3.102380e-03 -6.307516e-01 3.357175e-03 9.999463e-01 9.806579e-03 -1.839069e+00 -3.135435e-03 -9.796061e-03 9.999471e-01 1.000711e+02 
9.999894e-01 -3.387745e-03 3.102380e-03 -6.307516e-01 3.357175e-03 9.999463e-01 9.806579e-03 -1.839069e+00 -3.135435e-03 -9.796061e-03 9.999471e-01 1.000711e+02 
9.999894e-01 -3.387745e-03 3.102380e-03 -6.307516e-01 3.357175e-03 9.999463e-01 9.806579e-03 -1.839069e+00 -3.135435e-03 -9.796061e-03 9.999471e-01 1.000711e+02 
9.999894e-01 -3.387745e-03 3.102380e-03 -6.307516e-01 3.357175e-03 9.999463e-01 9.806579e-03 -1.839069e+00 -3.135435e-03 -9.796061e-03 9.999471e-01 1.000711e+02 
9.999933e-01 -3.548232e-03 -9.010764e-04 -6.724831e-01 3.557603e-03 9.999373e-01 1.062061e-02 -1.923002e+00 8.633355e-04 -1.062374e-02 9.999432e-01 1.053583e+02 
9.999933e-01 -3.548232e-03 -9.010764e-04 -6.724831e-01 3.557603e-03 9.999373e-01 1.062061e-02 -1.923002e+00 8.633355e-04 -1.062374e-02 9.999432e-01 1.053583e+02 
9.999933e-01 -3.548232e-03 -9.010764e-04 -6.724831e-01 3.557603e-03 9.999373e-01 1.062061e-02 -1.923002e+00 8.633355e-04 -1.062374e-02 9.999432e-01 1.053583e+02 
9.999933e-01 -3.548232e-03 -9.010764e-04 -6.724831e-01 3.557603e-03 9.999373e-01 1.062061e-02 -1.923002e+00 8.633355e-04 -1.062374e-02 9.999432e-01 1.053583e+02 
9.999981e-01 -1.211617e-03 1.498750e-03 -7.385931e-01 1.206612e-03 9.999937e-01 3.335860e-03 -2.031214e+00 -1.502783e-03 -3.334046e-03 9.999933e-01 1.107512e+02 
9.999981e-01 -1.211617e-03 1.498750e-03 -7.385931e-01 1.206612e-03 9.999937e-01 3.335860e-03 -2.031214e+00 -1.502783e-03 -3.334046e-03 9.999933e-01 1.107512e+02 
9.999981e-01 -1.211617e-03 1.498750e-03 -7.385931e-01 1.206612e-03 9.999937e-01 3.335860e-03 -2.031214e+00 -1.502783e-03 -3.334046e-03 9.999933e-01 1.107512e+02 
9.999981e-01 -1.211617e-03 1.498750e-03 -7.385931e-01 1.206612e-03 9.999937e-01 3.335860e-03 -2.031214e+00 -1.502783e-03 -3.334046e-03 9.999933e-01 1.107512e+02 
9.999927e-01 3.785502e-03 -5.675077e-04 -7.742150e-01 -3.778822e-03 9.999285e-01 1.134178e-02 -2.138403e+00 6.104015e-04 -1.133955e-02 9.999355e-01 1.160333e+02 
9.999927e-01 3.785502e-03 -5.675077e-04 -7.742150e-01 -3.778822e-03 9.999285e-01 1.134178e-02 -2.138403e+00 6.104015e-04 -1.133955e-02 9.999355e-01 1.160333e+02 
9.999927e-01 3.785502e-03 -5.675077e-04 -7.742150e-01 -3.778822e-03 9.999285e-01 1.134178e-02 -2.138403e+00 6.104015e-04 -1.133955e-02 9.999355e-01 1.160333e+02 
9.999927e-01 3.785502e-03 -5.675077e-04 -7.742150e-01 -3.778822e-03 9.999285e-01 1.134178e-02 -2.138403e+00 6.104015e-04 -1.133955e-02 9.999355e-01 1.160333e+02 
9.999674e-01 8.025535e-03 9.169961e-04 -7.846643e-01 -8.037168e-03 9.998769e-01 1.347719e-02 -2.231822e+00 -8.087216e-04 -1.348412e-02 9.999088e-01 1.214498e+02 
9.999674e-01 8.025535e-03 9.169961e-04 -7.846643e-01 -8.037168e-03 9.998769e-01 1.347719e-02 -2.231822e+00 -8.087216e-04 -1.348412e-02 9.999088e-01 1.214498e+02 
9.999674e-01 8.025535e-03 9.169961e-04 -7.846643e-01 -8.037168e-03 9.998769e-01 1.347719e-02 -2.231822e+00 -8.087216e-04 -1.348412e-02 9.999088e-01 1.214498e+02 
9.999674e-01 8.025535e-03 9.169961e-04 -7.846643e-01 -8.037168e-03 9.998769e-01 1.347719e-02 -2.231822e+00 -8.087216e-04 -1.348412e-02 9.999088e-01 1.214498e+02 
9.999201e-01 1.260464e-02 -9.556262e-04 -7.699264e-01 -1.258702e-02 9.997825e-01 1.662588e-02 -2.335179e+00 1.164982e-03 -1.661253e-02 9.998613e-01 1.269949e+02 
9.999201e-01 1.260464e-02 -9.556262e-04 -7.699264e-01 -1.258702e-02 9.997825e-01 1.662588e-02 -2.335179e+00 1.164982e-03 -1.661253e-02 9.998613e-01 1.269949e+02 
9.999201e-01 1.260464e-02 -9.556262e-04 -7.699264e-01 -1.258702e-02 9.997825e-01 1.662588e-02 -2.335179e+00 1.164982e-03 -1.661253e-02 9.998613e-01 1.269949e+02 
9.999201e-01 1.260464e-02 -9.556262e-04 -7.699264e-01 -1.258702e-02 9.997825e-01 1.662588e-02 -2.335179e+00 1.164982e-03 -1.661253e-02 9.998613e-01 1.269949e+02 
9.998947e-01 1.442502e-02 1.552918e-03 -7.358068e-01 -1.444258e-02 9.998241e-01 1.196674e-02 -2.439626e+00 -1.380024e-03 -1.198791e-02 9.999272e-01 1.322579e+02 
9.998947e-01 1.442502e-02 1.552918e-03 -7.358068e-01 -1.444258e-02 9.998241e-01 1.196674e-02 -2.439626e+00 -1.380024e-03 -1.198791e-02 9.999272e-01 1.322579e+02 
9.998947e-01 1.442502e-02 1.552918e-03 -7.358068e-01 -1.444258e-02 9.998241e-01 1.196674e-02 -2.439626e+00 -1.380024e-03 -1.198791e-02 9.999272e-01 1.322579e+02 
9.998947e-01 1.442502e-02 1.552918e-03 -7.358068e-01 -1.444258e-02 9.998241e-01 1.196674e-02 -2.439626e+00 -1.380024e-03 -1.198791e-02 9.999272e-01 1.322579e+02 
9.999300e-01 1.150353e-02 2.760920e-03 -7.040512e-01 -1.151919e-02 9.999173e-01 5.725715e-03 -2.525103e+00 -2.694826e-03 -5.757117e-03 9.999798e-01 1.376963e+02 
9.999300e-01 1.150353e-02 2.760920e-03 -7.040512e-01 -1.151919e-02 9.999173e-01 5.725715e-03 -2.525103e+00 -2.694826e-03 -5.757117e-03 9.999798e-01 1.376963e+02 
9.999300e-01 1.150353e-02 2.760920e-03 -7.040512e-01 -1.151919e-02 9.999173e-01 5.725715e-03 -2.525103e+00 -2.694826e-03 -5.757117e-03 9.999798e-01 1.376963e+02 
9.999300e-01 1.150353e-02 2.760920e-03 -7.040512e-01 -1.151919e-02 9.999173e-01 5.725715e-03 -2.525103e+00 -2.694826e-03 -5.757117e-03 9.999798e-01 1.376963e+02 
9.999732e-01 7.050519e-03 1.964254e-03 -6.749720e-01 -7.057597e-03 9.999685e-01 3.620274e-03 -2.605843e+00 -1.938667e-03 -3.634040e-03 9.999915e-01 1.431192e+02 
9.999732e-01 7.050519e-03 1.964254e-03 -6.749720e-01 -7.057597e-03 9.999685e-01 3.620274e-03 -2.605843e+00 -1.938667e-03 -3.634040e-03 9.999915e-01 1.431192e+02 
9.999732e-01 7.050519e-03 1.964254e-03 -6.749720e-01 -7.057597e-03 9.999685e-01 3.620274e-03 -2.605843e+00 -1.938667e-03 -3.634040e-03 9.999915e-01 1.431192e+02 
9.999732e-01 7.050519e-03 1.964254e-03 -6.749720e-01 -7.057597e-03 9.999685e-01 3.620274e-03 -2.605843e+00 -1.938667e-03 -3.634040e-03 9.999915e-01 1.431192e+02 
9.999940e-01 1.786769e-03 2.967537e-03 -6.572171e-01 -1.725922e-03 9.997908e-01 -2.038170e-02 -2.710313e+00 -3.003333e-03 2.037646e-02 9.997879e-01 1.484828e+02 
9.999940e-01 1.786769e-03 2.967537e-03 -6.572171e-01 -1.725922e-03 9.997908e-01 -2.038170e-02 -2.710313e+00 -3.003333e-03 2.037646e-02 9.997879e-01 1.484828e+02 
9.999940e-01 1.786769e-03 2.967537e-03 -6.572171e-01 -1.725922e-03 9.997908e-01 -2.038170e-02 -2.710313e+00 -3.003333e-03 2.037646e-02 9.997879e-01 1.484828e+02 
9.999940e-01 1.786769e-03 2.967537e-03 -6.572171e-01 -1.725922e-03 9.997908e-01 -2.038170e-02 -2.710313e+00 -3.003333e-03 2.037646e-02 9.997879e-01 1.484828e+02 
9.999770e-01 2.406811e-03 -6.338226e-03 -6.694357e-01 -2.526898e-03 9.998162e-01 -1.900723e-02 -2.795538e+00 6.291314e-03 1.902280e-02 9.997993e-01 1.538851e+02 
9.999770e-01 2.406811e-03 -6.338226e-03 -6.694357e-01 -2.526898e-03 9.998162e-01 -1.900723e-02 -2.795538e+00 6.291314e-03 1.902280e-02 9.997993e-01 1.538851e+02 
9.999770e-01 2.406811e-03 -6.338226e-03 -6.694357e-01 -2.526898e-03 9.998162e-01 -1.900723e-02 -2.795538e+00 6.291314e-03 1.902280e-02 9.997993e-01 1.538851e+02 
9.999770e-01 2.406811e-03 -6.338226e-03 -6.694357e-01 -2.526898e-03 9.998162e-01 -1.900723e-02 -2.795538e+00 6.291314e-03 1.902280e-02 9.997993e-01 1.538851e+02 
9.999934e-01 3.424051e-03 1.195226e-03 -6.342154e-01 -3.381255e-03 9.994114e-01 -3.413875e-02 -2.902694e+00 -1.311415e-03 3.413448e-02 9.994164e-01 1.593830e+02 
9.999934e-01 3.424051e-03 1.195226e-03 -6.342154e-01 -3.381255e-03 9.994114e-01 -3.413875e-02 -2.902694e+00 -1.311415e-03 3.413448e-02 9.994164e-01 1.593830e+02 
9.999934e-01 3.424051e-03 1.195226e-03 -6.342154e-01 -3.381255e-03 9.994114e-01 -3.413875e-02 -2.902694e+00 -1.311415e-03 3.413448e-02 9.994164e-01 1.593830e+02 
9.999934e-01 3.424051e-03 1.195226e-03 -6.342154e-01 -3.381255e-03 9.994114e-01 -3.413875e-02 -2.902694e+00 -1.311415e-03 3.413448e-02 9.994164e-01 1.593830e+02 
9.999715e-01 7.261919e-03 -2.050805e-03 -6.284097e-01 -7.300558e-03 9.997831e-01 -1.950766e-02 -3.003745e+00 1.908697e-03 1.952207e-02 9.998076e-01 1.646763e+02 
9.999715e-01 7.261919e-03 -2.050805e-03 -6.284097e-01 -7.300558e-03 9.997831e-01 -1.950766e-02 -3.003745e+00 1.908697e-03 1.952207e-02 9.998076e-01 1.646763e+02 
9.999715e-01 7.261919e-03 -2.050805e-03 -6.284097e-01 -7.300558e-03 9.997831e-01 -1.950766e-02 -3.003745e+00 1.908697e-03 1.952207e-02 9.998076e-01 1.646763e+02 
9.999715e-01 7.261919e-03 -2.050805e-03 -6.284097e-01 -7.300558e-03 9.997831e-01 -1.950766e-02 -3.003745e+00 1.908697e-03 1.952207e-02 9.998076e-01 1.646763e+02 
9.999579e-01 6.311747e-03 -6.664180e-03 -6.152954e-01 -6.389921e-03 9.999103e-01 -1.177516e-02 -3.072867e+00 6.589260e-03 1.181725e-02 9.999085e-01 1.701330e+02 
9.999579e-01 6.311747e-03 -6.664180e-03 -6.152954e-01 -6.389921e-03 9.999103e-01 -1.177516e-02 -3.072867e+00 6.589260e-03 1.181725e-02 9.999085e-01 1.701330e+02 
9.999579e-01 6.311747e-03 -6.664180e-03 -6.152954e-01 -6.389921e-03 9.999103e-01 -1.177516e-02 -3.072867e+00 6.589260e-03 1.181725e-02 9.999085e-01 1.701330e+02 
9.999579e-01 6.311747e-03 -6.664180e-03 -6.152954e-01 -6.389921e-03 9.999103e-01 -1.177516e-02 -3.072867e+00 6.589260e-03 1.181725e-02 9.999085e-01 1.701330e+02 
9.999727e-01 7.014975e-03 -2.320506e-03 -6.093341e-01 -7.010798e-03 9.999738e-01 1.803211e-03 -3.206952e+00 2.333095e-03 -1.786893e-03 9.999957e-01 1.756077e+02 
9.999727e-01 7.014975e-03 -2.320506e-03 -6.093341e-01 -7.010798e-03 9.999738e-01 1.803211e-03 -3.206952e+00 2.333095e-03 -1.786893e-03 9.999957e-01 1.756077e+02 
9.999727e-01 7.014975e-03 -2.320506e-03 -6.093341e-01 -7.010798e-03 9.999738e-01 1.803211e-03 -3.206952e+00 2.333095e-03 -1.786893e-03 9.999957e-01 1.756077e+02 
9.999727e-01 7.014975e-03 -2.320506e-03 -6.093341e-01 -7.010798e-03 9.999738e-01 1.803211e-03 -3.206952e+00 2.333095e-03 -1.786893e-03 9.999957e-01 1.756077e+02 
9.999540e-01 1.037633e-03 -9.530882e-03 -6.121668e-01 -1.058821e-03 9.999970e-01 -2.218313e-03 -3.313861e+00 9.528552e-03 2.228303e-03 9.999521e-01 1.811631e+02 
9.999540e-01 1.037633e-03 -9.530882e-03 -6.121668e-01 -1.058821e-03 9.999970e-01 -2.218313e-03 -3.313861e+00 9.528552e-03 2.228303e-03 9.999521e-01 1.811631e+02 
9.999540e-01 1.037633e-03 -9.530882e-03 -6.121668e-01 -1.058821e-03 9.999970e-01 -2.218313e-03 -3.313861e+00 9.528552e-03 2.228303e-03 9.999521e-01 1.811631e+02 
9.999540e-01 1.037633e-03 -9.530882e-03 -6.121668e-01 -1.058821e-03 9.999970e-01 -2.218313e-03 -3.313861e+00 9.528552e-03 2.228303e-03 9.999521e-01 1.811631e+02 
9.999929e-01 9.102160e-04 -3.657272e-03 -6.384425e-01 -8.774199e-04 9.999595e-01 8.958995e-03 -3.456770e+00 3.665278e-03 -8.955723e-03 9.999532e-01 1.867165e+02 
9.999929e-01 9.102160e-04 -3.657272e-03 -6.384425e-01 -8.774199e-04 9.999595e-01 8.958995e-03 -3.456770e+00 3.665278e-03 -8.955723e-03 9.999532e-01 1.867165e+02 
9.999929e-01 9.102160e-04 -3.657272e-03 -6.384425e-01 -8.774199e-04 9.999595e-01 8.958995e-03 -3.456770e+00 3.665278e-03 -8.955723e-03 9.999532e-01 1.867165e+02 
9.999929e-01 9.102160e-04 -3.657272e-03 -6.384425e-01 -8.774199e-04 9.999595e-01 8.958995e-03 -3.456770e+00 3.665278e-03 -8.955723e-03 9.999532e-01 1.867165e+02 
9.999967e-01 1.747278e-03 -1.898886e-03 -6.894152e-01 -1.746617e-03 9.999984e-01 3.498435e-04 -3.542254e+00 1.899494e-03 -3.465257e-04 9.999981e-01 1.924956e+02 
9.999967e-01 1.747278e-03 -1.898886e-03 -6.894152e-01 -1.746617e-03 9.999984e-01 3.498435e-04 -3.542254e+00 1.899494e-03 -3.465257e-04 9.999981e-01 1.924956e+02 
9.999967e-01 1.747278e-03 -1.898886e-03 -6.894152e-01 -1.746617e-03 9.999984e-01 3.498435e-04 -3.542254e+00 1.899494e-03 -3.465257e-04 9.999981e-01 1.924956e+02 
9.999967e-01 1.747278e-03 -1.898886e-03 -6.894152e-01 -1.746617e-03 9.999984e-01 3.498435e-04 -3.542254e+00 1.899494e-03 -3.465257e-04 9.999981e-01 1.924956e+02 
9.999904e-01 2.224766e-03 -3.776785e-03 -6.564830e-01 -2.250727e-03 9.999738e-01 -6.883466e-03 -3.648156e+00 3.761371e-03 6.891900e-03 9.999692e-01 1.979618e+02 
9.999904e-01 2.224766e-03 -3.776785e-03 -6.564830e-01 -2.250727e-03 9.999738e-01 -6.883466e-03 -3.648156e+00 3.761371e-03 6.891900e-03 9.999692e-01 1.979618e+02 
9.999904e-01 2.224766e-03 -3.776785e-03 -6.564830e-01 -2.250727e-03 9.999738e-01 -6.883466e-03 -3.648156e+00 3.761371e-03 6.891900e-03 9.999692e-01 1.979618e+02 
9.999904e-01 2.224766e-03 -3.776785e-03 -6.564830e-01 -2.250727e-03 9.999738e-01 -6.883466e-03 -3.648156e+00 3.761371e-03 6.891900e-03 9.999692e-01 1.979618e+02 
9.999765e-01 6.338707e-03 -2.623566e-03 -7.073658e-01 -6.291034e-03 9.998218e-01 1.779683e-02 -3.781356e+00 2.735908e-03 -1.777991e-02 9.998382e-01 2.038872e+02 
9.999765e-01 6.338707e-03 -2.623566e-03 -7.073658e-01 -6.291034e-03 9.998218e-01 1.779683e-02 -3.781356e+00 2.735908e-03 -1.777991e-02 9.998382e-01 2.038872e+02 
9.999765e-01 6.338707e-03 -2.623566e-03 -7.073658e-01 -6.291034e-03 9.998218e-01 1.779683e-02 -3.781356e+00 2.735908e-03 -1.777991e-02 9.998382e-01 2.038872e+02 
9.999765e-01 6.338707e-03 -2.623566e-03 -7.073658e-01 -6.291034e-03 9.998218e-01 1.779683e-02 -3.781356e+00 2.735908e-03 -1.777991e-02 9.998382e-01 2.038872e+02 
9.999911e-01 2.833526e-03 -3.115284e-03 -7.050420e-01 -2.803112e-03 9.999488e-01 9.724214e-03 -3.885242e+00 3.142679e-03 -9.715396e-03 9.999479e-01 2.099295e+02 
9.999911e-01 2.833526e-03 -3.115284e-03 -7.050420e-01 -2.803112e-03 9.999488e-01 9.724214e-03 -3.885242e+00 3.142679e-03 -9.715396e-03 9.999479e-01 2.099295e+02 
9.999911e-01 2.833526e-03 -3.115284e-03 -7.050420e-01 -2.803112e-03 9.999488e-01 9.724214e-03 -3.885242e+00 3.142679e-03 -9.715396e-03 9.999479e-01 2.099295e+02 
9.999911e-01 2.833526e-03 -3.115284e-03 -7.050420e-01 -2.803112e-03 9.999488e-01 9.724214e-03 -3.885242e+00 3.142679e-03 -9.715396e-03 9.999479e-01 2.099295e+02 
9.999926e-01 1.256592e-03 -3.645058e-03 -7.099919e-01 -1.217063e-03 9.999406e-01 1.082661e-02 -4.005341e+00 3.658446e-03 -1.082210e-02 9.999347e-01 2.157476e+02 
9.999926e-01 1.256592e-03 -3.645058e-03 -7.099919e-01 -1.217063e-03 9.999406e-01 1.082661e-02 -4.005341e+00 3.658446e-03 -1.082210e-02 9.999347e-01 2.157476e+02 
9.999926e-01 1.256592e-03 -3.645058e-03 -7.099919e-01 -1.217063e-03 9.999406e-01 1.082661e-02 -4.005341e+00 3.658446e-03 -1.082210e-02 9.999347e-01 2.157476e+02 
9.999926e-01 1.256592e-03 -3.645058e-03 -7.099919e-01 -1.217063e-03 9.999406e-01 1.082661e-02 -4.005341e+00 3.658446e-03 -1.082210e-02 9.999347e-01 2.157476e+02 
9.999916e-01 4.898822e-04 -4.081150e-03 -7.500814e-01 -4.437003e-04 9.999360e-01 1.130913e-02 -4.139528e+00 4.086429e-03 -1.130722e-02 9.999277e-01 2.216849e+02 
9.999916e-01 4.898822e-04 -4.081150e-03 -7.500814e-01 -4.437003e-04 9.999360e-01 1.130913e-02 -4.139528e+00 4.086429e-03 -1.130722e-02 9.999277e-01 2.216849e+02 
9.999916e-01 4.898822e-04 -4.081150e-03 -7.500814e-01 -4.437003e-04 9.999360e-01 1.130913e-02 -4.139528e+00 4.086429e-03 -1.130722e-02 9.999277e-01 2.216849e+02 
9.999916e-01 4.898822e-04 -4.081150e-03 -7.500814e-01 -4.437003e-04 9.999360e-01 1.130913e-02 -4.139528e+00 4.086429e-03 -1.130722e-02 9.999277e-01 2.216849e+02 
9.999884e-01 -3.124394e-04 -4.796190e-03 -7.955113e-01 3.710637e-04 9.999252e-01 1.222706e-02 -4.254326e+00 4.792011e-03 -1.222870e-02 9.999137e-01 2.277491e+02 
9.999884e-01 -3.124394e-04 -4.796190e-03 -7.955113e-01 3.710637e-04 9.999252e-01 1.222706e-02 -4.254326e+00 4.792011e-03 -1.222870e-02 9.999137e-01 2.277491e+02 
9.999884e-01 -3.124394e-04 -4.796190e-03 -7.955113e-01 3.710637e-04 9.999252e-01 1.222706e-02 -4.254326e+00 4.792011e-03 -1.222870e-02 9.999137e-01 2.277491e+02 
9.999884e-01 -3.124394e-04 -4.796190e-03 -7.955113e-01 3.710637e-04 9.999252e-01 1.222706e-02 -4.254326e+00 4.792011e-03 -1.222870e-02 9.999137e-01 2.277491e+02 
9.999924e-01 -5.564318e-04 -3.866800e-03 -8.098229e-01 5.878098e-04 9.999669e-01 8.118335e-03 -4.386190e+00 3.862154e-03 -8.120546e-03 9.999596e-01 2.336290e+02 
9.999924e-01 -5.564318e-04 -3.866800e-03 -8.098229e-01 5.878098e-04 9.999669e-01 8.118335e-03 -4.386190e+00 3.862154e-03 -8.120546e-03 9.999596e-01 2.336290e+02 
9.999924e-01 -5.564318e-04 -3.866800e-03 -8.098229e-01 5.878098e-04 9.999669e-01 8.118335e-03 -4.386190e+00 3.862154e-03 -8.120546e-03 9.999596e-01 2.336290e+02 
9.999924e-01 -5.564318e-04 -3.866800e-03 -8.098229e-01 5.878098e-04 9.999669e-01 8.118335e-03 -4.386190e+00 3.862154e-03 -8.120546e-03 9.999596e-01 2.336290e+02 
9.999971e-01 2.561898e-04 -2.383253e-03 -8.608244e-01 -2.345457e-04 9.999588e-01 9.077615e-03 -4.500868e+00 2.385480e-03 -9.077030e-03 9.999560e-01 2.398073e+02 
9.999971e-01 2.561898e-04 -2.383253e-03 -8.608244e-01 -2.345457e-04 9.999588e-01 9.077615e-03 -4.500868e+00 2.385480e-03 -9.077030e-03 9.999560e-01 2.398073e+02 
9.999971e-01 2.561898e-04 -2.383253e-03 -8.608244e-01 -2.345457e-04 9.999588e-01 9.077615e-03 -4.500868e+00 2.385480e-03 -9.077030e-03 9.999560e-01 2.398073e+02 
9.999971e-01 2.561898e-04 -2.383253e-03 -8.608244e-01 -2.345457e-04 9.999588e-01 9.077615e-03 -4.500868e+00 2.385480e-03 -9.077030e-03 9.999560e-01 2.398073e+02 
9.999917e-01 2.097113e-03 -3.491764e-03 -9.035598e-01 -2.060443e-03 9.999430e-01 1.047256e-02 -4.641093e+00 3.513528e-03 -1.046528e-02 9.999391e-01 2.459032e+02 
9.999917e-01 2.097113e-03 -3.491764e-03 -9.035598e-01 -2.060443e-03 9.999430e-01 1.047256e-02 -4.641093e+00 3.513528e-03 -1.046528e-02 9.999391e-01 2.459032e+02 
9.999917e-01 2.097113e-03 -3.491764e-03 -9.035598e-01 -2.060443e-03 9.999430e-01 1.047256e-02 -4.641093e+00 3.513528e-03 -1.046528e-02 9.999391e-01 2.459032e+02 
9.999917e-01 2.097113e-03 -3.491764e-03 -9.035598e-01 -2.060443e-03 9.999430e-01 1.047256e-02 -4.641093e+00 3.513528e-03 -1.046528e-02 9.999391e-01 2.459032e+02 
9.999958e-01 2.286779e-03 -1.799149e-03 -9.389048e-01 -2.264308e-03 9.999206e-01 1.239421e-02 -4.748001e+00 1.827349e-03 -1.239009e-02 9.999216e-01 2.522091e+02 
9.999958e-01 2.286779e-03 -1.799149e-03 -9.389048e-01 -2.264308e-03 9.999206e-01 1.239421e-02 -4.748001e+00 1.827349e-03 -1.239009e-02 9.999216e-01 2.522091e+02 
9.999958e-01 2.286779e-03 -1.799149e-03 -9.389048e-01 -2.264308e-03 9.999206e-01 1.239421e-02 -4.748001e+00 1.827349e-03 -1.239009e-02 9.999216e-01 2.522091e+02 
9.999958e-01 2.286779e-03 -1.799149e-03 -9.389048e-01 -2.264308e-03 9.999206e-01 1.239421e-02 -4.748001e+00 1.827349e-03 -1.239009e-02 9.999216e-01 2.522091e+02 
9.999976e-01 2.138794e-03 -4.751669e-04 -9.280357e-01 -2.133344e-03 9.999351e-01 1.118849e-02 -4.871595e+00 4.990659e-04 -1.118745e-02 9.999373e-01 2.584853e+02 
9.999976e-01 2.138794e-03 -4.751669e-04 -9.280357e-01 -2.133344e-03 9.999351e-01 1.118849e-02 -4.871595e+00 4.990659e-04 -1.118745e-02 9.999373e-01 2.584853e+02 
9.999976e-01 2.138794e-03 -4.751669e-04 -9.280357e-01 -2.133344e-03 9.999351e-01 1.118849e-02 -4.871595e+00 4.990659e-04 -1.118745e-02 9.999373e-01 2.584853e+02 
9.999976e-01 2.138794e-03 -4.751669e-04 -9.280357e-01 -2.133344e-03 9.999351e-01 1.118849e-02 -4.871595e+00 4.990659e-04 -1.118745e-02 9.999373e-01 2.584853e+02 
9.999977e-01 2.101427e-03 3.907639e-04 -9.460035e-01 -2.103217e-03 9.999870e-01 4.636782e-03 -4.989029e+00 -3.810149e-04 -4.637594e-03 9.999892e-01 2.644721e+02 
9.999977e-01 2.101427e-03 3.907639e-04 -9.460035e-01 -2.103217e-03 9.999870e-01 4.636782e-03 -4.989029e+00 -3.810149e-04 -4.637594e-03 9.999892e-01 2.644721e+02 
9.999977e-01 2.101427e-03 3.907639e-04 -9.460035e-01 -2.103217e-03 9.999870e-01 4.636782e-03 -4.989029e+00 -3.810149e-04 -4.637594e-03 9.999892e-01 2.644721e+02 
9.999977e-01 2.101427e-03 3.907639e-04 -9.460035e-01 -2.103217e-03 9.999870e-01 4.636782e-03 -4.989029e+00 -3.810149e-04 -4.637594e-03 9.999892e-01 2.644721e+02 
9.999936e-01 3.579997e-03 1.720326e-04 -9.561310e-01 -3.580190e-03 9.999929e-01 1.132976e-03 -5.081492e+00 -1.679753e-04 -1.133585e-03 9.999993e-01 2.707026e+02 
9.999936e-01 3.579997e-03 1.720326e-04 -9.561310e-01 -3.580190e-03 9.999929e-01 1.132976e-03 -5.081492e+00 -1.679753e-04 -1.133585e-03 9.999993e-01 2.707026e+02 
9.999936e-01 3.579997e-03 1.720326e-04 -9.561310e-01 -3.580190e-03 9.999929e-01 1.132976e-03 -5.081492e+00 -1.679753e-04 -1.133585e-03 9.999993e-01 2.707026e+02 
9.999936e-01 3.579997e-03 1.720326e-04 -9.561310e-01 -3.580190e-03 9.999929e-01 1.132976e-03 -5.081492e+00 -1.679753e-04 -1.133585e-03 9.999993e-01 2.707026e+02 
9.999715e-01 7.555730e-03 7.637434e-05 -9.538841e-01 -7.556070e-03 9.999496e-01 6.617553e-03 -5.196167e+00 -2.637004e-05 -6.617941e-03 9.999781e-01 2.767075e+02 
9.999715e-01 7.555730e-03 7.637434e-05 -9.538841e-01 -7.556070e-03 9.999496e-01 6.617553e-03 -5.196167e+00 -2.637004e-05 -6.617941e-03 9.999781e-01 2.767075e+02 
9.999715e-01 7.555730e-03 7.637434e-05 -9.538841e-01 -7.556070e-03 9.999496e-01 6.617553e-03 -5.196167e+00 -2.637004e-05 -6.617941e-03 9.999781e-01 2.767075e+02 
9.999715e-01 7.555730e-03 7.637434e-05 -9.538841e-01 -7.556070e-03 9.999496e-01 6.617553e-03 -5.196167e+00 -2.637004e-05 -6.617941e-03 9.999781e-01 2.767075e+02 
9.999433e-01 1.065187e-02 -2.843460e-05 -9.301260e-01 -1.065175e-02 9.999393e-01 2.823906e-03 -5.286710e+00 5.851276e-05 -2.823443e-03 9.999960e-01 2.828960e+02 
9.999433e-01 1.065187e-02 -2.843460e-05 -9.301260e-01 -1.065175e-02 9.999393e-01 2.823906e-03 -5.286710e+00 5.851276e-05 -2.823443e-03 9.999960e-01 2.828960e+02 
9.999433e-01 1.065187e-02 -2.843460e-05 -9.301260e-01 -1.065175e-02 9.999393e-01 2.823906e-03 -5.286710e+00 5.851276e-05 -2.823443e-03 9.999960e-01 2.828960e+02 
9.999433e-01 1.065187e-02 -2.843460e-05 -9.301260e-01 -1.065175e-02 9.999393e-01 2.823906e-03 -5.286710e+00 5.851276e-05 -2.823443e-03 9.999960e-01 2.828960e+02 
9.999435e-01 9.683969e-03 -4.383933e-03 -8.902740e-01 -9.683105e-03 9.999531e-01 2.182987e-04 -5.404549e+00 4.385841e-03 -1.758363e-04 9.999904e-01 2.891227e+02 
9.999435e-01 9.683969e-03 -4.383933e-03 -8.902740e-01 -9.683105e-03 9.999531e-01 2.182987e-04 -5.404549e+00 4.385841e-03 -1.758363e-04 9.999904e-01 2.891227e+02 
9.999435e-01 9.683969e-03 -4.383933e-03 -8.902740e-01 -9.683105e-03 9.999531e-01 2.182987e-04 -5.404549e+00 4.385841e-03 -1.758363e-04 9.999904e-01 2.891227e+02 
9.999435e-01 9.683969e-03 -4.383933e-03 -8.902740e-01 -9.683105e-03 9.999531e-01 2.182987e-04 -5.404549e+00 4.385841e-03 -1.758363e-04 9.999904e-01 2.891227e+02 
9.999660e-01 6.720724e-03 -4.773048e-03 -8.698312e-01 -6.721694e-03 9.999774e-01 -1.871455e-04 -5.551472e+00 4.771682e-03 2.192221e-04 9.999886e-01 2.954293e+02 
9.999660e-01 6.720724e-03 -4.773048e-03 -8.698312e-01 -6.721694e-03 9.999774e-01 -1.871455e-04 -5.551472e+00 4.771682e-03 2.192221e-04 9.999886e-01 2.954293e+02 
9.999660e-01 6.720724e-03 -4.773048e-03 -8.698312e-01 -6.721694e-03 9.999774e-01 -1.871455e-04 -5.551472e+00 4.771682e-03 2.192221e-04 9.999886e-01 2.954293e+02 
9.999660e-01 6.720724e-03 -4.773048e-03 -8.698312e-01 -6.721694e-03 9.999774e-01 -1.871455e-04 -5.551472e+00 4.771682e-03 2.192221e-04 9.999886e-01 2.954293e+02 
9.999831e-01 5.484479e-03 -1.918891e-03 -8.803791e-01 -5.480390e-03 9.999827e-01 2.130022e-03 -5.672528e+00 1.930540e-03 -2.119470e-03 9.999959e-01 3.015422e+02 
9.999831e-01 5.484479e-03 -1.918891e-03 -8.803791e-01 -5.480390e-03 9.999827e-01 2.130022e-03 -5.672528e+00 1.930540e-03 -2.119470e-03 9.999959e-01 3.015422e+02 
9.999831e-01 5.484479e-03 -1.918891e-03 -8.803791e-01 -5.480390e-03 9.999827e-01 2.130022e-03 -5.672528e+00 1.930540e-03 -2.119470e-03 9.999959e-01 3.015422e+02 
9.999831e-01 5.484479e-03 -1.918891e-03 -8.803791e-01 -5.480390e-03 9.999827e-01 2.130022e-03 -5.672528e+00 1.930540e-03 -2.119470e-03 9.999959e-01 3.015422e+02 
9.999633e-01 6.492711e-03 -5.582905e-03 -8.388788e-01 -6.505968e-03 9.999761e-01 -2.359575e-03 -5.793280e+00 5.567451e-03 2.395811e-03 9.999816e-01 3.079421e+02 
9.999633e-01 6.492711e-03 -5.582905e-03 -8.388788e-01 -6.505968e-03 9.999761e-01 -2.359575e-03 -5.793280e+00 5.567451e-03 2.395811e-03 9.999816e-01 3.079421e+02 
9.999633e-01 6.492711e-03 -5.582905e-03 -8.388788e-01 -6.505968e-03 9.999761e-01 -2.359575e-03 -5.793280e+00 5.567451e-03 2.395811e-03 9.999816e-01 3.079421e+02 
9.999633e-01 6.492711e-03 -5.582905e-03 -8.388788e-01 -6.505968e-03 9.999761e-01 -2.359575e-03 -5.793280e+00 5.567451e-03 2.395811e-03 9.999816e-01 3.079421e+02 
9.999926e-01 1.548260e-03 -3.512690e-03 -8.379009e-01 -1.547685e-03 9.999988e-01 1.665015e-04 -5.921911e+00 3.512944e-03 -1.610637e-04 9.999938e-01 3.144202e+02 
9.999926e-01 1.548260e-03 -3.512690e-03 -8.379009e-01 -1.547685e-03 9.999988e-01 1.665015e-04 -5.921911e+00 3.512944e-03 -1.610637e-04 9.999938e-01 3.144202e+02 
9.999926e-01 1.548260e-03 -3.512690e-03 -8.379009e-01 -1.547685e-03 9.999988e-01 1.665015e-04 -5.921911e+00 3.512944e-03 -1.610637e-04 9.999938e-01 3.144202e+02 
9.999926e-01 1.548260e-03 -3.512690e-03 -8.379009e-01 -1.547685e-03 9.999988e-01 1.665015e-04 -5.921911e+00 3.512944e-03 -1.610637e-04 9.999938e-01 3.144202e+02 
9.999946e-01 3.037043e-03 -1.271778e-03 -8.589301e-01 -3.042083e-03 9.999875e-01 -3.980169e-03 -6.041991e+00 1.259674e-03 3.984017e-03 9.999913e-01 3.210639e+02 
9.999946e-01 3.037043e-03 -1.271778e-03 -8.589301e-01 -3.042083e-03 9.999875e-01 -3.980169e-03 -6.041991e+00 1.259674e-03 3.984017e-03 9.999913e-01 3.210639e+02 
9.999946e-01 3.037043e-03 -1.271778e-03 -8.589301e-01 -3.042083e-03 9.999875e-01 -3.980169e-03 -6.041991e+00 1.259674e-03 3.984017e-03 9.999913e-01 3.210639e+02 
9.999946e-01 3.037043e-03 -1.271778e-03 -8.589301e-01 -3.042083e-03 9.999875e-01 -3.980169e-03 -6.041991e+00 1.259674e-03 3.984017e-03 9.999913e-01 3.210639e+02 
9.999854e-01 4.592242e-03 -2.856939e-03 -8.355986e-01 -4.594597e-03 9.999891e-01 -8.183307e-04 -6.163067e+00 2.853150e-03 8.314452e-04 9.999956e-01 3.274692e+02 
9.999854e-01 4.592242e-03 -2.856939e-03 -8.355986e-01 -4.594597e-03 9.999891e-01 -8.183307e-04 -6.163067e+00 2.853150e-03 8.314452e-04 9.999956e-01 3.274692e+02 
9.999854e-01 4.592242e-03 -2.856939e-03 -8.355986e-01 -4.594597e-03 9.999891e-01 -8.183307e-04 -6.163067e+00 2.853150e-03 8.314452e-04 9.999956e-01 3.274692e+02 
9.999854e-01 4.592242e-03 -2.856939e-03 -8.355986e-01 -4.594597e-03 9.999891e-01 -8.183307e-04 -6.163067e+00 2.853150e-03 8.314452e-04 9.999956e-01 3.274692e+02 
9.999841e-01 5.518389e-03 -1.168345e-03 -8.159156e-01 -5.520971e-03 9.999823e-01 -2.218071e-03 -6.305990e+00 1.156084e-03 2.224486e-03 9.999969e-01 3.340569e+02 
9.999841e-01 5.518389e-03 -1.168345e-03 -8.159156e-01 -5.520971e-03 9.999823e-01 -2.218071e-03 -6.305990e+00 1.156084e-03 2.224486e-03 9.999969e-01 3.340569e+02 
9.999841e-01 5.518389e-03 -1.168345e-03 -8.159156e-01 -5.520971e-03 9.999823e-01 -2.218071e-03 -6.305990e+00 1.156084e-03 2.224486e-03 9.999969e-01 3.340569e+02 
9.999841e-01 5.518389e-03 -1.168345e-03 -8.159156e-01 -5.520971e-03 9.999823e-01 -2.218071e-03 -6.305990e+00 1.156084e-03 2.224486e-03 9.999969e-01 3.340569e+02 
9.999946e-01 2.578992e-03 -2.037563e-03 -7.942165e-01 -2.571593e-03 9.999901e-01 3.625854e-03 -6.447982e+00 2.046894e-03 -3.620594e-03 9.999914e-01 3.405496e+02 
9.999946e-01 2.578992e-03 -2.037563e-03 -7.942165e-01 -2.571593e-03 9.999901e-01 3.625854e-03 -6.447982e+00 2.046894e-03 -3.620594e-03 9.999914e-01 3.405496e+02 
9.999946e-01 2.578992e-03 -2.037563e-03 -7.942165e-01 -2.571593e-03 9.999901e-01 3.625854e-03 -6.447982e+00 2.046894e-03 -3.620594e-03 9.999914e-01 3.405496e+02 
9.999946e-01 2.578992e-03 -2.037563e-03 -7.942165e-01 -2.571593e-03 9.999901e-01 3.625854e-03 -6.447982e+00 2.046894e-03 -3.620594e-03 9.999914e-01 3.405496e+02 
9.999956e-01 -2.839747e-03 -8.009591e-04 -8.420876e-01 2.842392e-03 9.999904e-01 3.320486e-03 -6.573629e+00 7.915221e-04 -3.322748e-03 9.999942e-01 3.470957e+02 
9.999956e-01 -2.839747e-03 -8.009591e-04 -8.420876e-01 2.842392e-03 9.999904e-01 3.320486e-03 -6.573629e+00 7.915221e-04 -3.322748e-03 9.999942e-01 3.470957e+02 
9.999956e-01 -2.839747e-03 -8.009591e-04 -8.420876e-01 2.842392e-03 9.999904e-01 3.320486e-03 -6.573629e+00 7.915221e-04 -3.322748e-03 9.999942e-01 3.470957e+02 
9.999956e-01 -2.839747e-03 -8.009591e-04 -8.420876e-01 2.842392e-03 9.999904e-01 3.320486e-03 -6.573629e+00 7.915221e-04 -3.322748e-03 9.999942e-01 3.470957e+02 
9.999899e-01 -4.280223e-03 -1.343326e-03 -9.171587e-01 4.280079e-03 9.999908e-01 -1.102928e-04 -6.714842e+00 1.343786e-03 1.045421e-04 9.999991e-01 3.534446e+02 
9.999899e-01 -4.280223e-03 -1.343326e-03 -9.171587e-01 4.280079e-03 9.999908e-01 -1.102928e-04 -6.714842e+00 1.343786e-03 1.045421e-04 9.999991e-01 3.534446e+02 
9.999899e-01 -4.280223e-03 -1.343326e-03 -9.171587e-01 4.280079e-03 9.999908e-01 -1.102928e-04 -6.714842e+00 1.343786e-03 1.045421e-04 9.999991e-01 3.534446e+02 
9.999899e-01 -4.280223e-03 -1.343326e-03 -9.171587e-01 4.280079e-03 9.999908e-01 -1.102928e-04 -6.714842e+00 1.343786e-03 1.045421e-04 9.999991e-01 3.534446e+02 
