1.000000e+00 0.000000e+00 0.000000e+00 0.000000e+00 0.000000e+00 1.000000e+00 0.000000e+00 0.000000e+00 0.000000e+00 0.000000e+00 1.000000e+00 -0.000000e+00 
1.000000e+00 0.000000e+00 0.000000e+00 0.000000e+00 0.000000e+00 1.000000e+00 0.000000e+00 0.000000e+00 0.000000e+00 0.000000e+00 1.000000e+00 -0.000000e+00 
1.000000e+00 0.000000e+00 0.000000e+00 0.000000e+00 0.000000e+00 1.000000e+00 0.000000e+00 0.000000e+00 0.000000e+00 0.000000e+00 1.000000e+00 -0.000000e+00 
9.999966e-01 1.400894e-03 -2.204011e-03 -4.704908e-02 -1.408562e-03 9.999929e-01 -3.481273e-03 -2.906367e-03 2.199118e-03 3.484365e-03 9.999915e-01 2.085704e+00 
9.999966e-01 1.400894e-03 -2.204011e-03 -4.704908e-02 -1.408562e-03 9.999929e-01 -3.481273e-03 -2.906367e-03 2.199118e-03 3.484365e-03 9.999915e-01 2.085704e+00 
9.999966e-01 1.400894e-03 -2.204011e-03 -4.704908e-02 -1.408562e-03 9.999929e-01 -3.481273e-03 -2.906367e-03 2.199118e-03 3.484365e-03 9.999915e-01 2.085704e+00 
9.999966e-01 1.400894e-03 -2.204011e-03 -4.704908e-02 -1.408562e-03 9.999929e-01 -3.481273e-03 -2.906367e-03 2.199118e-03 3.484365e-03 9.999915e-01 2.085704e+00 
9.999959e-01 -1.453281e-03 -2.481038e-03 -2.575821e-02 1.450417e-03 9.999983e-01 -1.155772e-03 -1.750451e-01 2.482714e-03 1.152169e-03 9.999963e-01 1.057520e+01 
9.999959e-01 -1.453281e-03 -2.481038e-03 -2.575821e-02 1.450417e-03 9.999983e-01 -1.155772e-03 -1.750451e-01 2.482714e-03 1.152169e-03 9.999963e-01 1.057520e+01 
9.999959e-01 -1.453281e-03 -2.481038e-03 -2.575821e-02 1.450417e-03 9.999983e-01 -1.155772e-03 -1.750451e-01 2.482714e-03 1.152169e-03 9.999963e-01 1.057520e+01 
9.999959e-01 -1.453281e-03 -2.481038e-03 -2.575821e-02 1.450417e-03 9.999983e-01 -1.155772e-03 -1.750451e-01 2.482714e-03 1.152169e-03 9.999963e-01 1.057520e+01 
9.999994e-01 -1.101790e-03 -3.802905e-05 -4.667200e-02 1.101911e-03 9.999939e-01 3.321218e-03 -2.794881e-01 3.436953e-05 -3.321258e-03 9.999945e-01 1.610834e+01 
9.999994e-01 -1.101790e-03 -3.802905e-05 -4.667200e-02 1.101911e-03 9.999939e-01 3.321218e-03 -2.794881e-01 3.436953e-05 -3.321258e-03 9.999945e-01 1.610834e+01 
9.999994e-01 -1.101790e-03 -3.802905e-05 -4.667200e-02 1.101911e-03 9.999939e-01 3.321218e-03 -2.794881e-01 3.436953e-05 -3.321258e-03 9.999945e-01 1.610834e+01 
9.999994e-01 -1.101790e-03 -3.802905e-05 -4.667200e-02 1.101911e-03 9.999939e-01 3.321218e-03 -2.794881e-01 3.436953e-05 -3.321258e-03 9.999945e-01 1.610834e+01 
9.999923e-01 -5.462098e-05 -3.933622e-03 -8.610031e-02 5.011644e-05 9.999993e-01 -1.145228e-03 -3.743415e-01 3.933682e-03 1.145022e-03 9.999916e-01 2.157013e+01 
9.999923e-01 -5.462098e-05 -3.933622e-03 -8.610031e-02 5.011644e-05 9.999993e-01 -1.145228e-03 -3.743415e-01 3.933682e-03 1.145022e-03 9.999916e-01 2.157013e+01 
9.999923e-01 -5.462098e-05 -3.933622e-03 -8.610031e-02 5.011644e-05 9.999993e-01 -1.145228e-03 -3.743415e-01 3.933682e-03 1.145022e-03 9.999916e-01 2.157013e+01 
9.999923e-01 -5.462098e-05 -3.933622e-03 -8.610031e-02 5.011644e-05 9.999993e-01 -1.145228e-03 -3.743415e-01 3.933682e-03 1.145022e-03 9.999916e-01 2.157013e+01 
9.999975e-01 1.581876e-03 1.569729e-03 -1.066453e-01 -1.576551e-03 9.999930e-01 -3.387741e-03 -4.666903e-01 -1.575077e-03 3.385258e-03 9.999930e-01 2.702303e+01 
9.999975e-01 1.581876e-03 1.569729e-03 -1.066453e-01 -1.576551e-03 9.999930e-01 -3.387741e-03 -4.666903e-01 -1.575077e-03 3.385258e-03 9.999930e-01 2.702303e+01 
9.999975e-01 1.581876e-03 1.569729e-03 -1.066453e-01 -1.576551e-03 9.999930e-01 -3.387741e-03 -4.666903e-01 -1.575077e-03 3.385258e-03 9.999930e-01 2.702303e+01 
9.999975e-01 1.581876e-03 1.569729e-03 -1.066453e-01 -1.576551e-03 9.999930e-01 -3.387741e-03 -4.666903e-01 -1.575077e-03 3.385258e-03 9.999930e-01 2.702303e+01 
9.999745e-01 3.488310e-03 -6.235306e-03 -1.246051e-01 -3.480667e-03 9.999932e-01 1.236203e-03 -5.719209e-01 6.239575e-03 -1.214469e-03 9.999798e-01 3.283160e+01 
9.999745e-01 3.488310e-03 -6.235306e-03 -1.246051e-01 -3.480667e-03 9.999932e-01 1.236203e-03 -5.719209e-01 6.239575e-03 -1.214469e-03 9.999798e-01 3.283160e+01 
9.999745e-01 3.488310e-03 -6.235306e-03 -1.246051e-01 -3.480667e-03 9.999932e-01 1.236203e-03 -5.719209e-01 6.239575e-03 -1.214469e-03 9.999798e-01 3.283160e+01 
9.999745e-01 3.488310e-03 -6.235306e-03 -1.246051e-01 -3.480667e-03 9.999932e-01 1.236203e-03 -5.719209e-01 6.239575e-03 -1.214469e-03 9.999798e-01 3.283160e+01 
9.999918e-01 2.816734e-03 -2.905964e-03 -1.226009e-01 -2.798317e-03 9.999761e-01 6.322358e-03 -6.791423e-01 2.923703e-03 -6.314174e-03 9.999758e-01 3.843046e+01 
9.999918e-01 2.816734e-03 -2.905964e-03 -1.226009e-01 -2.798317e-03 9.999761e-01 6.322358e-03 -6.791423e-01 2.923703e-03 -6.314174e-03 9.999758e-01 3.843046e+01 
9.999918e-01 2.816734e-03 -2.905964e-03 -1.226009e-01 -2.798317e-03 9.999761e-01 6.322358e-03 -6.791423e-01 2.923703e-03 -6.314174e-03 9.999758e-01 3.843046e+01 
9.999918e-01 2.816734e-03 -2.905964e-03 -1.226009e-01 -2.798317e-03 9.999761e-01 6.322358e-03 -6.791423e-01 2.923703e-03 -6.314174e-03 9.999758e-01 3.843046e+01 
9.999933e-01 2.041158e-03 -3.038773e-03 -1.436277e-01 -2.007300e-03 9.999363e-01 1.110363e-02 -7.942958e-01 3.061244e-03 -1.109746e-02 9.999337e-01 4.412736e+01 
9.999933e-01 2.041158e-03 -3.038773e-03 -1.436277e-01 -2.007300e-03 9.999363e-01 1.110363e-02 -7.942958e-01 3.061244e-03 -1.109746e-02 9.999337e-01 4.412736e+01 
9.999933e-01 2.041158e-03 -3.038773e-03 -1.436277e-01 -2.007300e-03 9.999363e-01 1.110363e-02 -7.942958e-01 3.061244e-03 -1.109746e-02 9.999337e-01 4.412736e+01 
9.999933e-01 2.041158e-03 -3.038773e-03 -1.436277e-01 -2.007300e-03 9.999363e-01 1.110363e-02 -7.942958e-01 3.061244e-03 -1.109746e-02 9.999337e-01 4.412736e+01 
9.999956e-01 -1.982292e-03 -2.190820e-03 -1.555701e-01 2.001878e-03 9.999577e-01 8.974411e-03 -9.007391e-01 2.172937e-03 -8.978757e-03 9.999573e-01 4.979914e+01 
9.999956e-01 -1.982292e-03 -2.190820e-03 -1.555701e-01 2.001878e-03 9.999577e-01 8.974411e-03 -9.007391e-01 2.172937e-03 -8.978757e-03 9.999573e-01 4.979914e+01 
9.999956e-01 -1.982292e-03 -2.190820e-03 -1.555701e-01 2.001878e-03 9.999577e-01 8.974411e-03 -9.007391e-01 2.172937e-03 -8.978757e-03 9.999573e-01 4.979914e+01 
9.999956e-01 -1.982292e-03 -2.190820e-03 -1.555701e-01 2.001878e-03 9.999577e-01 8.974411e-03 -9.007391e-01 2.172937e-03 -8.978757e-03 9.999573e-01 4.979914e+01 
9.999859e-01 -5.291523e-03 4.105030e-04 -1.929540e-01 5.288803e-03 9.999658e-01 6.365420e-03 -1.023199e+00 -4.441717e-04 -6.363159e-03 9.999797e-01 5.551690e+01 
9.999859e-01 -5.291523e-03 4.105030e-04 -1.929540e-01 5.288803e-03 9.999658e-01 6.365420e-03 -1.023199e+00 -4.441717e-04 -6.363159e-03 9.999797e-01 5.551690e+01 
9.999859e-01 -5.291523e-03 4.105030e-04 -1.929540e-01 5.288803e-03 9.999658e-01 6.365420e-03 -1.023199e+00 -4.441717e-04 -6.363159e-03 9.999797e-01 5.551690e+01 
9.999859e-01 -5.291523e-03 4.105030e-04 -1.929540e-01 5.288803e-03 9.999658e-01 6.365420e-03 -1.023199e+00 -4.441717e-04 -6.363159e-03 9.999797e-01 5.551690e+01 
9.999858e-01 -5.086832e-03 1.584293e-03 -2.582893e-01 5.087395e-03 9.999870e-01 -3.515637e-04 -1.122286e+00 -1.582484e-03 3.596186e-04 9.999987e-01 6.116886e+01 
9.999858e-01 -5.086832e-03 1.584293e-03 -2.582893e-01 5.087395e-03 9.999870e-01 -3.515637e-04 -1.122286e+00 -1.582484e-03 3.596186e-04 9.999987e-01 6.116886e+01 
9.999858e-01 -5.086832e-03 1.584293e-03 -2.582893e-01 5.087395e-03 9.999870e-01 -3.515637e-04 -1.122286e+00 -1.582484e-03 3.596186e-04 9.999987e-01 6.116886e+01 
9.999858e-01 -5.086832e-03 1.584293e-03 -2.582893e-01 5.087395e-03 9.999870e-01 -3.515637e-04 -1.122286e+00 -1.582484e-03 3.596186e-04 9.999987e-01 6.116886e+01 
9.999960e-01 -2.806890e-03 -2.417419e-04 -3.220786e-01 2.806527e-03 9.999950e-01 -1.489593e-03 -1.227404e+00 2.459218e-04 1.488909e-03 9.999989e-01 6.684966e+01 
9.999960e-01 -2.806890e-03 -2.417419e-04 -3.220786e-01 2.806527e-03 9.999950e-01 -1.489593e-03 -1.227404e+00 2.459218e-04 1.488909e-03 9.999989e-01 6.684966e+01 
9.999960e-01 -2.806890e-03 -2.417419e-04 -3.220786e-01 2.806527e-03 9.999950e-01 -1.489593e-03 -1.227404e+00 2.459218e-04 1.488909e-03 9.999989e-01 6.684966e+01 
9.999960e-01 -2.806890e-03 -2.417419e-04 -3.220786e-01 2.806527e-03 9.999950e-01 -1.489593e-03 -1.227404e+00 2.459218e-04 1.488909e-03 9.999989e-01 6.684966e+01 
9.999968e-01 6.270298e-05 2.514637e-03 -3.726427e-01 -9.888651e-05 9.998964e-01 1.439162e-02 -1.330627e+00 -2.513474e-03 -1.439183e-02 9.998933e-01 7.252676e+01 
9.999968e-01 6.270298e-05 2.514637e-03 -3.726427e-01 -9.888651e-05 9.998964e-01 1.439162e-02 -1.330627e+00 -2.513474e-03 -1.439183e-02 9.998933e-01 7.252676e+01 
9.999968e-01 6.270298e-05 2.514637e-03 -3.726427e-01 -9.888651e-05 9.998964e-01 1.439162e-02 -1.330627e+00 -2.513474e-03 -1.439183e-02 9.998933e-01 7.252676e+01 
9.999968e-01 6.270298e-05 2.514637e-03 -3.726427e-01 -9.888651e-05 9.998964e-01 1.439162e-02 -1.330627e+00 -2.513474e-03 -1.439183e-02 9.998933e-01 7.252676e+01 
9.999965e-01 1.514945e-03 2.150006e-03 -3.942004e-01 -1.550874e-03 9.998575e-01 1.680890e-02 -1.412649e+00 -2.124235e-03 -1.681218e-02 9.998564e-01 7.819323e+01 
9.999965e-01 1.514945e-03 2.150006e-03 -3.942004e-01 -1.550874e-03 9.998575e-01 1.680890e-02 -1.412649e+00 -2.124235e-03 -1.681218e-02 9.998564e-01 7.819323e+01 
9.999965e-01 1.514945e-03 2.150006e-03 -3.942004e-01 -1.550874e-03 9.998575e-01 1.680890e-02 -1.412649e+00 -2.124235e-03 -1.681218e-02 9.998564e-01 7.819323e+01 
9.999965e-01 1.514945e-03 2.150006e-03 -3.942004e-01 -1.550874e-03 9.998575e-01 1.680890e-02 -1.412649e+00 -2.124235e-03 -1.681218e-02 9.998564e-01 7.819323e+01 
9.999988e-01 7.799679e-04 1.325505e-03 -4.480915e-01 -7.993319e-04 9.998920e-01 1.467156e-02 -1.523065e+00 -1.313919e-03 -1.467260e-02 9.998915e-01 8.377135e+01 
9.999988e-01 7.799679e-04 1.325505e-03 -4.480915e-01 -7.993319e-04 9.998920e-01 1.467156e-02 -1.523065e+00 -1.313919e-03 -1.467260e-02 9.998915e-01 8.377135e+01 
9.999988e-01 7.799679e-04 1.325505e-03 -4.480915e-01 -7.993319e-04 9.998920e-01 1.467156e-02 -1.523065e+00 -1.313919e-03 -1.467260e-02 9.998915e-01 8.377135e+01 
9.999988e-01 7.799679e-04 1.325505e-03 -4.480915e-01 -7.993319e-04 9.998920e-01 1.467156e-02 -1.523065e+00 -1.313919e-03 -1.467260e-02 9.998915e-01 8.377135e+01 
9.999871e-01 -2.863736e-03 4.197056e-03 -5.095939e-01 2.823299e-03 9.999498e-01 9.609263e-03 -1.623792e+00 -4.224364e-03 -9.597289e-03 9.999450e-01 8.948686e+01 
9.999871e-01 -2.863736e-03 4.197056e-03 -5.095939e-01 2.823299e-03 9.999498e-01 9.609263e-03 -1.623792e+00 -4.224364e-03 -9.597289e-03 9.999450e-01 8.948686e+01 
9.999871e-01 -2.863736e-03 4.197056e-03 -5.095939e-01 2.823299e-03 9.999498e-01 9.609263e-03 -1.623792e+00 -4.224364e-03 -9.597289e-03 9.999450e-01 8.948686e+01 
9.999871e-01 -2.863736e-03 4.197056e-03 -5.095939e-01 2.823299e-03 9.999498e-01 9.609263e-03 -1.623792e+00 -4.224364e-03 -9.597289e-03 9.999450e-01 8.948686e+01 
9.999840e-01 -4.732648e-03 3.091926e-03 -5.634291e-01 4.718200e-03 9.999780e-01 4.663264e-03 -1.739141e+00 -3.113927e-03 -4.648601e-03 9.999843e-01 9.488078e+01 
9.999840e-01 -4.732648e-03 3.091926e-03 -5.634291e-01 4.718200e-03 9.999780e-01 4.663264e-03 -1.739141e+00 -3.113927e-03 -4.648601e-03 9.999843e-01 9.488078e+01 
9.999840e-01 -4.732648e-03 3.091926e-03 -5.634291e-01 4.718200e-03 9.999780e-01 4.663264e-03 -1.739141e+00 -3.113927e-03 -4.648601e-03 9.999843e-01 9.488078e+01 
9.999840e-01 -4.732648e-03 3.091926e-03 -5.634291e-01 4.718200e-03 9.999780e-01 4.663264e-03 -1.739141e+00 -3.113927e-03 -4.648601e-03 9.999843e-01 9.488078e+01 
9.999866e-01 -4.082171e-03 3.191951e-03 -6.115229e-01 4.056560e-03 9.999599e-01 7.989326e-03 -1.822680e+00 -3.224437e-03 -7.976270e-03 9.999630e-01 1.002182e+02 
9.999866e-01 -4.082171e-03 3.191951e-03 -6.115229e-01 4.056560e-03 9.999599e-01 7.989326e-03 -1.822680e+00 -3.224437e-03 -7.976270e-03 9.999630e-01 1.002182e+02 
9.999866e-01 -4.082171e-03 3.191951e-03 -6.115229e-01 4.056560e-03 9.999599e-01 7.989326e-03 -1.822680e+00 -3.224437e-03 -7.976270e-03 9.999630e-01 1.002182e+02 
9.999866e-01 -4.082171e-03 3.191951e-03 -6.115229e-01 4.056560e-03 9.999599e-01 7.989326e-03 -1.822680e+00 -3.224437e-03 -7.976270e-03 9.999630e-01 1.002182e+02 
9.999920e-01 -3.973981e-03 -3.511522e-04 -6.651191e-01 3.976725e-03 9.999585e-01 8.192887e-03 -1.930319e+00 3.185793e-04 -8.194219e-03 9.999664e-01 1.056101e+02 
9.999920e-01 -3.973981e-03 -3.511522e-04 -6.651191e-01 3.976725e-03 9.999585e-01 8.192887e-03 -1.930319e+00 3.185793e-04 -8.194219e-03 9.999664e-01 1.056101e+02 
9.999920e-01 -3.973981e-03 -3.511522e-04 -6.651191e-01 3.976725e-03 9.999585e-01 8.192887e-03 -1.930319e+00 3.185793e-04 -8.194219e-03 9.999664e-01 1.056101e+02 
9.999920e-01 -3.973981e-03 -3.511522e-04 -6.651191e-01 3.976725e-03 9.999585e-01 8.192887e-03 -1.930319e+00 3.185793e-04 -8.194219e-03 9.999664e-01 1.056101e+02 
9.999971e-01 -1.681423e-03 1.745625e-03 -7.489982e-01 1.681947e-03 9.999985e-01 -2.987962e-04 -1.996253e+00 -1.745120e-03 3.017314e-04 9.999984e-01 1.109305e+02 
9.999971e-01 -1.681423e-03 1.745625e-03 -7.489982e-01 1.681947e-03 9.999985e-01 -2.987962e-04 -1.996253e+00 -1.745120e-03 3.017314e-04 9.999984e-01 1.109305e+02 
9.999971e-01 -1.681423e-03 1.745625e-03 -7.489982e-01 1.681947e-03 9.999985e-01 -2.987962e-04 -1.996253e+00 -1.745120e-03 3.017314e-04 9.999984e-01 1.109305e+02 
9.999971e-01 -1.681423e-03 1.745625e-03 -7.489982e-01 1.681947e-03 9.999985e-01 -2.987962e-04 -1.996253e+00 -1.745120e-03 3.017314e-04 9.999984e-01 1.109305e+02 
9.999941e-01 3.434963e-03 -2.874755e-04 -7.900490e-01 -3.432499e-03 9.999607e-01 8.172220e-03 -2.117520e+00 3.155355e-04 -8.171185e-03 9.999666e-01 1.161975e+02 
9.999941e-01 3.434963e-03 -2.874755e-04 -7.900490e-01 -3.432499e-03 9.999607e-01 8.172220e-03 -2.117520e+00 3.155355e-04 -8.171185e-03 9.999666e-01 1.161975e+02 
9.999941e-01 3.434963e-03 -2.874755e-04 -7.900490e-01 -3.432499e-03 9.999607e-01 8.172220e-03 -2.117520e+00 3.155355e-04 -8.171185e-03 9.999666e-01 1.161975e+02 
9.999941e-01 3.434963e-03 -2.874755e-04 -7.900490e-01 -3.432499e-03 9.999607e-01 8.172220e-03 -2.117520e+00 3.155355e-04 -8.171185e-03 9.999666e-01 1.161975e+02 
9.999702e-01 7.593112e-03 1.417358e-03 -7.957418e-01 -7.606426e-03 9.999246e-01 9.637855e-03 -2.211029e+00 -1.344070e-03 -9.648348e-03 9.999526e-01 1.216676e+02 
9.999702e-01 7.593112e-03 1.417358e-03 -7.957418e-01 -7.606426e-03 9.999246e-01 9.637855e-03 -2.211029e+00 -1.344070e-03 -9.648348e-03 9.999526e-01 1.216676e+02 
9.999702e-01 7.593112e-03 1.417358e-03 -7.957418e-01 -7.606426e-03 9.999246e-01 9.637855e-03 -2.211029e+00 -1.344070e-03 -9.648348e-03 9.999526e-01 1.216676e+02 
9.999702e-01 7.593112e-03 1.417358e-03 -7.957418e-01 -7.606426e-03 9.999246e-01 9.637855e-03 -2.211029e+00 -1.344070e-03 -9.648348e-03 9.999526e-01 1.216676e+02 
9.999265e-01 1.211472e-02 -4.944870e-04 -7.823970e-01 -1.210744e-02 9.998456e-01 1.273763e-02 -2.313961e+00 6.487234e-04 -1.273071e-02 9.999188e-01 1.270351e+02 
9.999265e-01 1.211472e-02 -4.944870e-04 -7.823970e-01 -1.210744e-02 9.998456e-01 1.273763e-02 -2.313961e+00 6.487234e-04 -1.273071e-02 9.999188e-01 1.270351e+02 
9.999265e-01 1.211472e-02 -4.944870e-04 -7.823970e-01 -1.210744e-02 9.998456e-01 1.273763e-02 -2.313961e+00 6.487234e-04 -1.273071e-02 9.999188e-01 1.270351e+02 
9.999265e-01 1.211472e-02 -4.944870e-04 -7.823970e-01 -1.210744e-02 9.998456e-01 1.273763e-02 -2.313961e+00 6.487234e-04 -1.273071e-02 9.999188e-01 1.270351e+02 
9.999007e-01 1.396251e-02 1.897900e-03 -7.489675e-01 -1.397809e-02 9.998665e-01 8.464862e-03 -2.411070e+00 -1.779456e-03 -8.490551e-03 9.999624e-01 1.324972e+02 
9.999007e-01 1.396251e-02 1.897900e-03 -7.489675e-01 -1.397809e-02 9.998665e-01 8.464862e-03 -2.411070e+00 -1.779456e-03 -8.490551e-03 9.999624e-01 1.324972e+02 
9.999007e-01 1.396251e-02 1.897900e-03 -7.489675e-01 -1.397809e-02 9.998665e-01 8.464862e-03 -2.411070e+00 -1.779456e-03 -8.490551e-03 9.999624e-01 1.324972e+02 
9.999007e-01 1.396251e-02 1.897900e-03 -7.489675e-01 -1.397809e-02 9.998665e-01 8.464862e-03 -2.411070e+00 -1.779456e-03 -8.490551e-03 9.999624e-01 1.324972e+02 
9.999315e-01 1.124260e-02 3.252999e-03 -7.150022e-01 -1.125040e-02 9.999339e-01 2.390630e-03 -2.493506e+00 -3.225907e-03 -2.427064e-03 9.999919e-01 1.378021e+02 
9.999315e-01 1.124260e-02 3.252999e-03 -7.150022e-01 -1.125040e-02 9.999339e-01 2.390630e-03 -2.493506e+00 -3.225907e-03 -2.427064e-03 9.999919e-01 1.378021e+02 
9.999315e-01 1.124260e-02 3.252999e-03 -7.150022e-01 -1.125040e-02 9.999339e-01 2.390630e-03 -2.493506e+00 -3.225907e-03 -2.427064e-03 9.999919e-01 1.378021e+02 
9.999315e-01 1.124260e-02 3.252999e-03 -7.150022e-01 -1.125040e-02 9.999339e-01 2.390630e-03 -2.493506e+00 -3.225907e-03 -2.427064e-03 9.999919e-01 1.378021e+02 
9.999744e-01 6.787664e-03 2.278525e-03 -6.932389e-01 -6.788719e-03 9.999769e-01 4.552780e-04 -2.578308e+00 -2.275382e-03 -4.707346e-04 9.999973e-01 1.432269e+02 
9.999744e-01 6.787664e-03 2.278525e-03 -6.932389e-01 -6.788719e-03 9.999769e-01 4.552780e-04 -2.578308e+00 -2.275382e-03 -4.707346e-04 9.999973e-01 1.432269e+02 
9.999744e-01 6.787664e-03 2.278525e-03 -6.932389e-01 -6.788719e-03 9.999769e-01 4.552780e-04 -2.578308e+00 -2.275382e-03 -4.707346e-04 9.999973e-01 1.432269e+02 
9.999744e-01 6.787664e-03 2.278525e-03 -6.932389e-01 -6.788719e-03 9.999769e-01 4.552780e-04 -2.578308e+00 -2.275382e-03 -4.707346e-04 9.999973e-01 1.432269e+02 
9.999941e-01 1.601948e-03 3.045307e-03 -6.701662e-01 -1.530580e-03 9.997275e-01 -2.329493e-02 -2.662771e+00 -3.081794e-03 2.329013e-02 9.997240e-01 1.485638e+02 
9.999941e-01 1.601948e-03 3.045307e-03 -6.701662e-01 -1.530580e-03 9.997275e-01 -2.329493e-02 -2.662771e+00 -3.081794e-03 2.329013e-02 9.997240e-01 1.485638e+02 
9.999941e-01 1.601948e-03 3.045307e-03 -6.701662e-01 -1.530580e-03 9.997275e-01 -2.329493e-02 -2.662771e+00 -3.081794e-03 2.329013e-02 9.997240e-01 1.485638e+02 
9.999941e-01 1.601948e-03 3.045307e-03 -6.701662e-01 -1.530580e-03 9.997275e-01 -2.329493e-02 -2.662771e+00 -3.081794e-03 2.329013e-02 9.997240e-01 1.485638e+02 
9.999806e-01 2.318235e-03 -5.786956e-03 -6.880169e-01 -2.446494e-03 9.997493e-01 -2.225562e-02 -2.765086e+00 5.733912e-03 2.226935e-02 9.997356e-01 1.539796e+02 
9.999806e-01 2.318235e-03 -5.786956e-03 -6.880169e-01 -2.446494e-03 9.997493e-01 -2.225562e-02 -2.765086e+00 5.733912e-03 2.226935e-02 9.997356e-01 1.539796e+02 
9.999806e-01 2.318235e-03 -5.786956e-03 -6.880169e-01 -2.446494e-03 9.997493e-01 -2.225562e-02 -2.765086e+00 5.733912e-03 2.226935e-02 9.997356e-01 1.539796e+02 
9.999806e-01 2.318235e-03 -5.786956e-03 -6.880169e-01 -2.446494e-03 9.997493e-01 -2.225562e-02 -2.765086e+00 5.733912e-03 2.226935e-02 9.997356e-01 1.539796e+02 
9.999929e-01 3.434797e-03 1.531196e-03 -6.805103e-01 -3.376008e-03 9.993143e-01 -3.687202e-02 -2.862214e+00 -1.656794e-03 3.686659e-02 9.993188e-01 1.595128e+02 
9.999929e-01 3.434797e-03 1.531196e-03 -6.805103e-01 -3.376008e-03 9.993143e-01 -3.687202e-02 -2.862214e+00 -1.656794e-03 3.686659e-02 9.993188e-01 1.595128e+02 
9.999929e-01 3.434797e-03 1.531196e-03 -6.805103e-01 -3.376008e-03 9.993143e-01 -3.687202e-02 -2.862214e+00 -1.656794e-03 3.686659e-02 9.993188e-01 1.595128e+02 
9.999929e-01 3.434797e-03 1.531196e-03 -6.805103e-01 -3.376008e-03 9.993143e-01 -3.687202e-02 -2.862214e+00 -1.656794e-03 3.686659e-02 9.993188e-01 1.595128e+02 
9.999743e-01 6.995226e-03 -1.591906e-03 -6.468429e-01 -7.030140e-03 9.997084e-01 -2.309981e-02 -2.961949e+00 1.429853e-03 2.311040e-02 9.997319e-01 1.648739e+02 
9.999743e-01 6.995226e-03 -1.591906e-03 -6.468429e-01 -7.030140e-03 9.997084e-01 -2.309981e-02 -2.961949e+00 1.429853e-03 2.311040e-02 9.997319e-01 1.648739e+02 
9.999743e-01 6.995226e-03 -1.591906e-03 -6.468429e-01 -7.030140e-03 9.997084e-01 -2.309981e-02 -2.961949e+00 1.429853e-03 2.311040e-02 9.997319e-01 1.648739e+02 
9.999743e-01 6.995226e-03 -1.591906e-03 -6.468429e-01 -7.030140e-03 9.997084e-01 -2.309981e-02 -2.961949e+00 1.429853e-03 2.311040e-02 9.997319e-01 1.648739e+02 
9.999609e-01 6.279079e-03 -6.226142e-03 -6.481314e-01 -6.360376e-03 9.998936e-01 -1.312463e-02 -3.055135e+00 6.143069e-03 1.316372e-02 9.998945e-01 1.702819e+02 
9.999609e-01 6.279079e-03 -6.226142e-03 -6.481314e-01 -6.360376e-03 9.998936e-01 -1.312463e-02 -3.055135e+00 6.143069e-03 1.316372e-02 9.998945e-01 1.702819e+02 
9.999609e-01 6.279079e-03 -6.226142e-03 -6.481314e-01 -6.360376e-03 9.998936e-01 -1.312463e-02 -3.055135e+00 6.143069e-03 1.316372e-02 9.998945e-01 1.702819e+02 
9.999609e-01 6.279079e-03 -6.226142e-03 -6.481314e-01 -6.360376e-03 9.998936e-01 -1.312463e-02 -3.055135e+00 6.143069e-03 1.316372e-02 9.998945e-01 1.702819e+02 
9.999737e-01 6.929604e-03 -2.130067e-03 -6.243793e-01 -6.930467e-03 9.999759e-01 -3.979095e-04 -3.162116e+00 2.127259e-03 4.126614e-04 9.999977e-01 1.756867e+02 
9.999737e-01 6.929604e-03 -2.130067e-03 -6.243793e-01 -6.930467e-03 9.999759e-01 -3.979095e-04 -3.162116e+00 2.127259e-03 4.126614e-04 9.999977e-01 1.756867e+02 
9.999737e-01 6.929604e-03 -2.130067e-03 -6.243793e-01 -6.930467e-03 9.999759e-01 -3.979095e-04 -3.162116e+00 2.127259e-03 4.126614e-04 9.999977e-01 1.756867e+02 
9.999737e-01 6.929604e-03 -2.130067e-03 -6.243793e-01 -6.930467e-03 9.999759e-01 -3.979095e-04 -3.162116e+00 2.127259e-03 4.126614e-04 9.999977e-01 1.756867e+02 
9.999571e-01 1.327638e-03 -9.169058e-03 -6.440204e-01 -1.362265e-03 9.999920e-01 -3.771250e-03 -3.282717e+00 9.163977e-03 3.783579e-03 9.999509e-01 1.812013e+02 
9.999571e-01 1.327638e-03 -9.169058e-03 -6.440204e-01 -1.362265e-03 9.999920e-01 -3.771250e-03 -3.282717e+00 9.163977e-03 3.783579e-03 9.999509e-01 1.812013e+02 
9.999571e-01 1.327638e-03 -9.169058e-03 -6.440204e-01 -1.362265e-03 9.999920e-01 -3.771250e-03 -3.282717e+00 9.163977e-03 3.783579e-03 9.999509e-01 1.812013e+02 
9.999571e-01 1.327638e-03 -9.169058e-03 -6.440204e-01 -1.362265e-03 9.999920e-01 -3.771250e-03 -3.282717e+00 9.163977e-03 3.783579e-03 9.999509e-01 1.812013e+02 
9.999943e-01 9.506109e-04 -3.225408e-03 -6.778662e-01 -9.293027e-04 9.999778e-01 6.601422e-03 -3.422042e+00 3.231612e-03 -6.598387e-03 9.999730e-01 1.869097e+02 
9.999943e-01 9.506109e-04 -3.225408e-03 -6.778662e-01 -9.293027e-04 9.999778e-01 6.601422e-03 -3.422042e+00 3.231612e-03 -6.598387e-03 9.999730e-01 1.869097e+02 
9.999943e-01 9.506109e-04 -3.225408e-03 -6.778662e-01 -9.293027e-04 9.999778e-01 6.601422e-03 -3.422042e+00 3.231612e-03 -6.598387e-03 9.999730e-01 1.869097e+02 
9.999943e-01 9.506109e-04 -3.225408e-03 -6.778662e-01 -9.293027e-04 9.999778e-01 6.601422e-03 -3.422042e+00 3.231612e-03 -6.598387e-03 9.999730e-01 1.869097e+02 
9.999967e-01 2.321037e-03 -1.134995e-03 -7.261701e-01 -2.321862e-03 9.999970e-01 -7.258582e-04 -3.534218e+00 1.133306e-03 7.284911e-04 9.999991e-01 1.924874e+02 
9.999967e-01 2.321037e-03 -1.134995e-03 -7.261701e-01 -2.321862e-03 9.999970e-01 -7.258582e-04 -3.534218e+00 1.133306e-03 7.284911e-04 9.999991e-01 1.924874e+02 
9.999967e-01 2.321037e-03 -1.134995e-03 -7.261701e-01 -2.321862e-03 9.999970e-01 -7.258582e-04 -3.534218e+00 1.133306e-03 7.284911e-04 9.999991e-01 1.924874e+02 
9.999967e-01 2.321037e-03 -1.134995e-03 -7.261701e-01 -2.321862e-03 9.999970e-01 -7.258582e-04 -3.534218e+00 1.133306e-03 7.284911e-04 9.999991e-01 1.924874e+02 
9.999907e-01 2.805939e-03 -3.261803e-03 -7.021325e-01 -2.832074e-03 9.999637e-01 -8.035467e-03 -3.618943e+00 3.239138e-03 8.044630e-03 9.999624e-01 1.980384e+02 
9.999907e-01 2.805939e-03 -3.261803e-03 -7.021325e-01 -2.832074e-03 9.999637e-01 -8.035467e-03 -3.618943e+00 3.239138e-03 8.044630e-03 9.999624e-01 1.980384e+02 
9.999907e-01 2.805939e-03 -3.261803e-03 -7.021325e-01 -2.832074e-03 9.999637e-01 -8.035467e-03 -3.618943e+00 3.239138e-03 8.044630e-03 9.999624e-01 1.980384e+02 
9.999907e-01 2.805939e-03 -3.261803e-03 -7.021325e-01 -2.832074e-03 9.999637e-01 -8.035467e-03 -3.618943e+00 3.239138e-03 8.044630e-03 9.999624e-01 1.980384e+02 
9.999726e-01 7.057458e-03 -2.244897e-03 -7.547304e-01 -7.018076e-03 9.998293e-01 1.709227e-02 -3.744169e+00 2.365142e-03 -1.707605e-02 9.998514e-01 2.038885e+02 
9.999726e-01 7.057458e-03 -2.244897e-03 -7.547304e-01 -7.018076e-03 9.998293e-01 1.709227e-02 -3.744169e+00 2.365142e-03 -1.707605e-02 9.998514e-01 2.038885e+02 
9.999726e-01 7.057458e-03 -2.244897e-03 -7.547304e-01 -7.018076e-03 9.998293e-01 1.709227e-02 -3.744169e+00 2.365142e-03 -1.707605e-02 9.998514e-01 2.038885e+02 
9.999726e-01 7.057458e-03 -2.244897e-03 -7.547304e-01 -7.018076e-03 9.998293e-01 1.709227e-02 -3.744169e+00 2.365142e-03 -1.707605e-02 9.998514e-01 2.038885e+02 
9.999912e-01 3.263055e-03 -2.630579e-03 -7.250216e-01 -3.241341e-03 9.999610e-01 8.216912e-03 -3.842944e+00 2.657288e-03 -8.208314e-03 9.999628e-01 2.098879e+02 
9.999912e-01 3.263055e-03 -2.630579e-03 -7.250216e-01 -3.241341e-03 9.999610e-01 8.216912e-03 -3.842944e+00 2.657288e-03 -8.208314e-03 9.999628e-01 2.098879e+02 
9.999912e-01 3.263055e-03 -2.630579e-03 -7.250216e-01 -3.241341e-03 9.999610e-01 8.216912e-03 -3.842944e+00 2.657288e-03 -8.208314e-03 9.999628e-01 2.098879e+02 
9.999912e-01 3.263055e-03 -2.630579e-03 -7.250216e-01 -3.241341e-03 9.999610e-01 8.216912e-03 -3.842944e+00 2.657288e-03 -8.208314e-03 9.999628e-01 2.098879e+02 
9.999938e-01 1.949873e-03 -2.947711e-03 -7.444816e-01 -1.923963e-03 9.999597e-01 8.767014e-03 -3.955316e+00 2.964687e-03 -8.761288e-03 9.999572e-01 2.158482e+02 
9.999938e-01 1.949873e-03 -2.947711e-03 -7.444816e-01 -1.923963e-03 9.999597e-01 8.767014e-03 -3.955316e+00 2.964687e-03 -8.761288e-03 9.999572e-01 2.158482e+02 
9.999938e-01 1.949873e-03 -2.947711e-03 -7.444816e-01 -1.923963e-03 9.999597e-01 8.767014e-03 -3.955316e+00 2.964687e-03 -8.761288e-03 9.999572e-01 2.158482e+02 
9.999938e-01 1.949873e-03 -2.947711e-03 -7.444816e-01 -1.923963e-03 9.999597e-01 8.767014e-03 -3.955316e+00 2.964687e-03 -8.761288e-03 9.999572e-01 2.158482e+02 
9.999929e-01 6.514336e-04 -3.722722e-03 -7.647288e-01 -6.156544e-04 9.999537e-01 9.604119e-03 -4.085165e+00 3.728806e-03 -9.601758e-03 9.999469e-01 2.218897e+02 
9.999929e-01 6.514336e-04 -3.722722e-03 -7.647288e-01 -6.156544e-04 9.999537e-01 9.604119e-03 -4.085165e+00 3.728806e-03 -9.601758e-03 9.999469e-01 2.218897e+02 
9.999929e-01 6.514336e-04 -3.722722e-03 -7.647288e-01 -6.156544e-04 9.999537e-01 9.604119e-03 -4.085165e+00 3.728806e-03 -9.601758e-03 9.999469e-01 2.218897e+02 
9.999929e-01 6.514336e-04 -3.722722e-03 -7.647288e-01 -6.156544e-04 9.999537e-01 9.604119e-03 -4.085165e+00 3.728806e-03 -9.601758e-03 9.999469e-01 2.218897e+02 
9.999901e-01 -5.169137e-04 -4.416106e-03 -7.940353e-01 5.631093e-04 9.999451e-01 1.046588e-02 -4.206576e+00 4.410453e-03 -1.046826e-02 9.999355e-01 2.277193e+02 
9.999901e-01 -5.169137e-04 -4.416106e-03 -7.940353e-01 5.631093e-04 9.999451e-01 1.046588e-02 -4.206576e+00 4.410453e-03 -1.046826e-02 9.999355e-01 2.277193e+02 
9.999901e-01 -5.169137e-04 -4.416106e-03 -7.940353e-01 5.631093e-04 9.999451e-01 1.046588e-02 -4.206576e+00 4.410453e-03 -1.046826e-02 9.999355e-01 2.277193e+02 
9.999901e-01 -5.169137e-04 -4.416106e-03 -7.940353e-01 5.631093e-04 9.999451e-01 1.046588e-02 -4.206576e+00 4.410453e-03 -1.046826e-02 9.999355e-01 2.277193e+02 
9.999944e-01 -2.181197e-04 -3.336496e-03 -8.329345e-01 2.382628e-04 9.999817e-01 6.037990e-03 -4.328216e+00 3.335118e-03 -6.038751e-03 9.999762e-01 2.337497e+02 
9.999944e-01 -2.181197e-04 -3.336496e-03 -8.329345e-01 2.382628e-04 9.999817e-01 6.037990e-03 -4.328216e+00 3.335118e-03 -6.038751e-03 9.999762e-01 2.337497e+02 
9.999944e-01 -2.181197e-04 -3.336496e-03 -8.329345e-01 2.382628e-04 9.999817e-01 6.037990e-03 -4.328216e+00 3.335118e-03 -6.038751e-03 9.999762e-01 2.337497e+02 
9.999944e-01 -2.181197e-04 -3.336496e-03 -8.329345e-01 2.382628e-04 9.999817e-01 6.037990e-03 -4.328216e+00 3.335118e-03 -6.038751e-03 9.999762e-01 2.337497e+02 
9.999988e-01 3.878546e-04 -1.526912e-03 -8.365014e-01 -3.760753e-04 9.999702e-01 7.707220e-03 -4.459142e+00 1.529856e-03 -7.706636e-03 9.999691e-01 2.398092e+02 
9.999988e-01 3.878546e-04 -1.526912e-03 -8.365014e-01 -3.760753e-04 9.999702e-01 7.707220e-03 -4.459142e+00 1.529856e-03 -7.706636e-03 9.999691e-01 2.398092e+02 
9.999988e-01 3.878546e-04 -1.526912e-03 -8.365014e-01 -3.760753e-04 9.999702e-01 7.707220e-03 -4.459142e+00 1.529856e-03 -7.706636e-03 9.999691e-01 2.398092e+02 
9.999988e-01 3.878546e-04 -1.526912e-03 -8.365014e-01 -3.760753e-04 9.999702e-01 7.707220e-03 -4.459142e+00 1.529856e-03 -7.706636e-03 9.999691e-01 2.398092e+02 
9.999920e-01 2.754478e-03 -2.886322e-03 -9.004743e-01 -2.728668e-03 9.999566e-01 8.908282e-03 -4.573899e+00 2.910734e-03 -8.900335e-03 9.999562e-01 2.460042e+02 
9.999920e-01 2.754478e-03 -2.886322e-03 -9.004743e-01 -2.728668e-03 9.999566e-01 8.908282e-03 -4.573899e+00 2.910734e-03 -8.900335e-03 9.999562e-01 2.460042e+02 
9.999920e-01 2.754478e-03 -2.886322e-03 -9.004743e-01 -2.728668e-03 9.999566e-01 8.908282e-03 -4.573899e+00 2.910734e-03 -8.900335e-03 9.999562e-01 2.460042e+02 
9.999920e-01 2.754478e-03 -2.886322e-03 -9.004743e-01 -2.728668e-03 9.999566e-01 8.908282e-03 -4.573899e+00 2.910734e-03 -8.900335e-03 9.999562e-01 2.460042e+02 
9.999952e-01 2.909228e-03 -1.088573e-03 -9.216209e-01 -2.897057e-03 9.999351e-01 1.102018e-02 -4.688577e+00 1.120563e-03 -1.101698e-02 9.999387e-01 2.522567e+02 
9.999952e-01 2.909228e-03 -1.088573e-03 -9.216209e-01 -2.897057e-03 9.999351e-01 1.102018e-02 -4.688577e+00 1.120563e-03 -1.101698e-02 9.999387e-01 2.522567e+02 
9.999952e-01 2.909228e-03 -1.088573e-03 -9.216209e-01 -2.897057e-03 9.999351e-01 1.102018e-02 -4.688577e+00 1.120563e-03 -1.101698e-02 9.999387e-01 2.522567e+02 
9.999952e-01 2.909228e-03 -1.088573e-03 -9.216209e-01 -2.897057e-03 9.999351e-01 1.102018e-02 -4.688577e+00 1.120563e-03 -1.101698e-02 9.999387e-01 2.522567e+02 
9.999969e-01 2.504590e-03 5.856620e-05 -9.243452e-01 -2.504988e-03 9.999626e-01 8.272970e-03 -4.803881e+00 -3.784362e-05 -8.273090e-03 9.999658e-01 2.584788e+02 
9.999969e-01 2.504590e-03 5.856620e-05 -9.243452e-01 -2.504988e-03 9.999626e-01 8.272970e-03 -4.803881e+00 -3.784362e-05 -8.273090e-03 9.999658e-01 2.584788e+02 
9.999969e-01 2.504590e-03 5.856620e-05 -9.243452e-01 -2.504988e-03 9.999626e-01 8.272970e-03 -4.803881e+00 -3.784362e-05 -8.273090e-03 9.999658e-01 2.584788e+02 
9.999969e-01 2.504590e-03 5.856620e-05 -9.243452e-01 -2.504988e-03 9.999626e-01 8.272970e-03 -4.803881e+00 -3.784362e-05 -8.273090e-03 9.999658e-01 2.584788e+02 
9.999964e-01 2.434824e-03 1.154973e-03 -9.385823e-01 -2.435642e-03 9.999968e-01 7.080500e-04 -4.913054e+00 -1.153245e-03 -7.108606e-04 9.999991e-01 2.647342e+02 
9.999964e-01 2.434824e-03 1.154973e-03 -9.385823e-01 -2.435642e-03 9.999968e-01 7.080500e-04 -4.913054e+00 -1.153245e-03 -7.108606e-04 9.999991e-01 2.647342e+02 
9.999964e-01 2.434824e-03 1.154973e-03 -9.385823e-01 -2.435642e-03 9.999968e-01 7.080500e-04 -4.913054e+00 -1.153245e-03 -7.108606e-04 9.999991e-01 2.647342e+02 
9.999964e-01 2.434824e-03 1.154973e-03 -9.385823e-01 -2.435642e-03 9.999968e-01 7.080500e-04 -4.913054e+00 -1.153245e-03 -7.108606e-04 9.999991e-01 2.647342e+02 
9.999909e-01 4.176810e-03 8.441811e-04 -9.482652e-01 -4.176219e-03 9.999910e-01 -7.006387e-04 -5.010752e+00 -8.471000e-04 6.971068e-04 9.999994e-01 2.707271e+02 
9.999909e-01 4.176810e-03 8.441811e-04 -9.482652e-01 -4.176219e-03 9.999910e-01 -7.006387e-04 -5.010752e+00 -8.471000e-04 6.971068e-04 9.999994e-01 2.707271e+02 
9.999909e-01 4.176810e-03 8.441811e-04 -9.482652e-01 -4.176219e-03 9.999910e-01 -7.006387e-04 -5.010752e+00 -8.471000e-04 6.971068e-04 9.999994e-01 2.707271e+02 
9.999909e-01 4.176810e-03 8.441811e-04 -9.482652e-01 -4.176219e-03 9.999910e-01 -7.006387e-04 -5.010752e+00 -8.471000e-04 6.971068e-04 9.999994e-01 2.707271e+02 
9.999716e-01 7.516454e-03 4.899124e-04 -9.297312e-01 -7.517677e-03 9.999685e-01 2.544310e-03 -5.107462e+00 -4.707728e-04 -2.547920e-03 9.999966e-01 2.768470e+02 
9.999716e-01 7.516454e-03 4.899124e-04 -9.297312e-01 -7.517677e-03 9.999685e-01 2.544310e-03 -5.107462e+00 -4.707728e-04 -2.547920e-03 9.999966e-01 2.768470e+02 
9.999716e-01 7.516454e-03 4.899124e-04 -9.297312e-01 -7.517677e-03 9.999685e-01 2.544310e-03 -5.107462e+00 -4.707728e-04 -2.547920e-03 9.999966e-01 2.768470e+02 
9.999716e-01 7.516454e-03 4.899124e-04 -9.297312e-01 -7.517677e-03 9.999685e-01 2.544310e-03 -5.107462e+00 -4.707728e-04 -2.547920e-03 9.999966e-01 2.768470e+02 
9.999392e-01 1.100921e-02 6.295209e-04 -9.198839e-01 -1.100932e-02 9.999394e-01 1.760403e-04 -5.215148e+00 -6.275447e-04 -1.829602e-04 9.999998e-01 2.829184e+02 
9.999392e-01 1.100921e-02 6.295209e-04 -9.198839e-01 -1.100932e-02 9.999394e-01 1.760403e-04 -5.215148e+00 -6.275447e-04 -1.829602e-04 9.999998e-01 2.829184e+02 
9.999392e-01 1.100921e-02 6.295209e-04 -9.198839e-01 -1.100932e-02 9.999394e-01 1.760403e-04 -5.215148e+00 -6.275447e-04 -1.829602e-04 9.999998e-01 2.829184e+02 
9.999392e-01 1.100921e-02 6.295209e-04 -9.198839e-01 -1.100932e-02 9.999394e-01 1.760403e-04 -5.215148e+00 -6.275447e-04 -1.829602e-04 9.999998e-01 2.829184e+02 
9.999416e-01 1.007467e-02 -3.900691e-03 -8.789393e-01 -1.008354e-02 9.999466e-01 -2.261267e-03 -5.323629e+00 3.877701e-03 2.300468e-03 9.999898e-01 2.891699e+02 
9.999416e-01 1.007467e-02 -3.900691e-03 -8.789393e-01 -1.008354e-02 9.999466e-01 -2.261267e-03 -5.323629e+00 3.877701e-03 2.300468e-03 9.999898e-01 2.891699e+02 
9.999416e-01 1.007467e-02 -3.900691e-03 -8.789393e-01 -1.008354e-02 9.999466e-01 -2.261267e-03 -5.323629e+00 3.877701e-03 2.300468e-03 9.999898e-01 2.891699e+02 
9.999416e-01 1.007467e-02 -3.900691e-03 -8.789393e-01 -1.008354e-02 9.999466e-01 -2.261267e-03 -5.323629e+00 3.877701e-03 2.300468e-03 9.999898e-01 2.891699e+02 
9.999675e-01 6.842125e-03 -4.258327e-03 -8.476670e-01 -6.856846e-03 9.999705e-01 -3.452169e-03 -5.463972e+00 4.234581e-03 3.481255e-03 9.999850e-01 2.955016e+02 
9.999675e-01 6.842125e-03 -4.258327e-03 -8.476670e-01 -6.856846e-03 9.999705e-01 -3.452169e-03 -5.463972e+00 4.234581e-03 3.481255e-03 9.999850e-01 2.955016e+02 
9.999675e-01 6.842125e-03 -4.258327e-03 -8.476670e-01 -6.856846e-03 9.999705e-01 -3.452169e-03 -5.463972e+00 4.234581e-03 3.481255e-03 9.999850e-01 2.955016e+02 
9.999675e-01 6.842125e-03 -4.258327e-03 -8.476670e-01 -6.856846e-03 9.999705e-01 -3.452169e-03 -5.463972e+00 4.234581e-03 3.481255e-03 9.999850e-01 2.955016e+02 
9.999841e-01 5.489588e-03 -1.326439e-03 -8.542825e-01 -5.491282e-03 9.999841e-01 -1.276355e-03 -5.584531e+00 1.319412e-03 1.283619e-03 9.999983e-01 3.015514e+02 
9.999841e-01 5.489588e-03 -1.326439e-03 -8.542825e-01 -5.491282e-03 9.999841e-01 -1.276355e-03 -5.584531e+00 1.319412e-03 1.283619e-03 9.999983e-01 3.015514e+02 
9.999841e-01 5.489588e-03 -1.326439e-03 -8.542825e-01 -5.491282e-03 9.999841e-01 -1.276355e-03 -5.584531e+00 1.319412e-03 1.283619e-03 9.999983e-01 3.015514e+02 
9.999841e-01 5.489588e-03 -1.326439e-03 -8.542825e-01 -5.491282e-03 9.999841e-01 -1.276355e-03 -5.584531e+00 1.319412e-03 1.283619e-03 9.999983e-01 3.015514e+02 
9.999637e-01 6.749984e-03 -5.201144e-03 -8.202977e-01 -6.775599e-03 9.999649e-01 -4.923048e-03 -5.692964e+00 5.167731e-03 4.958111e-03 9.999744e-01 3.079317e+02 
9.999637e-01 6.749984e-03 -5.201144e-03 -8.202977e-01 -6.775599e-03 9.999649e-01 -4.923048e-03 -5.692964e+00 5.167731e-03 4.958111e-03 9.999744e-01 3.079317e+02 
9.999637e-01 6.749984e-03 -5.201144e-03 -8.202977e-01 -6.775599e-03 9.999649e-01 -4.923048e-03 -5.692964e+00 5.167731e-03 4.958111e-03 9.999744e-01 3.079317e+02 
9.999637e-01 6.749984e-03 -5.201144e-03 -8.202977e-01 -6.775599e-03 9.999649e-01 -4.923048e-03 -5.692964e+00 5.167731e-03 4.958111e-03 9.999744e-01 3.079317e+02 
9.999955e-01 1.147060e-03 -2.786154e-03 -8.127625e-01 -1.158951e-03 9.999902e-01 -4.270328e-03 -5.839667e+00 2.781229e-03 4.273537e-03 9.999870e-01 3.146100e+02 
9.999955e-01 1.147060e-03 -2.786154e-03 -8.127625e-01 -1.158951e-03 9.999902e-01 -4.270328e-03 -5.839667e+00 2.781229e-03 4.273537e-03 9.999870e-01 3.146100e+02 
9.999955e-01 1.147060e-03 -2.786154e-03 -8.127625e-01 -1.158951e-03 9.999902e-01 -4.270328e-03 -5.839667e+00 2.781229e-03 4.273537e-03 9.999870e-01 3.146100e+02 
9.999955e-01 1.147060e-03 -2.786154e-03 -8.127625e-01 -1.158951e-03 9.999902e-01 -4.270328e-03 -5.839667e+00 2.781229e-03 4.273537e-03 9.999870e-01 3.146100e+02 
9.999969e-01 2.456912e-03 -4.874334e-04 -8.096255e-01 -2.460778e-03 9.999642e-01 -8.096811e-03 -5.956322e+00 4.675228e-04 8.097985e-03 9.999671e-01 3.210962e+02 
9.999969e-01 2.456912e-03 -4.874334e-04 -8.096255e-01 -2.460778e-03 9.999642e-01 -8.096811e-03 -5.956322e+00 4.675228e-04 8.097985e-03 9.999671e-01 3.210962e+02 
9.999969e-01 2.456912e-03 -4.874334e-04 -8.096255e-01 -2.460778e-03 9.999642e-01 -8.096811e-03 -5.956322e+00 4.675228e-04 8.097985e-03 9.999671e-01 3.210962e+02 
9.999969e-01 2.456912e-03 -4.874334e-04 -8.096255e-01 -2.460778e-03 9.999642e-01 -8.096811e-03 -5.956322e+00 4.675228e-04 8.097985e-03 9.999671e-01 3.210962e+02 
9.999875e-01 4.523304e-03 -2.115535e-03 -8.279838e-01 -4.533628e-03 9.999777e-01 -4.900897e-03 -6.064189e+00 2.093320e-03 4.910427e-03 9.999858e-01 3.276532e+02 
9.999875e-01 4.523304e-03 -2.115535e-03 -8.279838e-01 -4.533628e-03 9.999777e-01 -4.900897e-03 -6.064189e+00 2.093320e-03 4.910427e-03 9.999858e-01 3.276532e+02 
9.999875e-01 4.523304e-03 -2.115535e-03 -8.279838e-01 -4.533628e-03 9.999777e-01 -4.900897e-03 -6.064189e+00 2.093320e-03 4.910427e-03 9.999858e-01 3.276532e+02 
9.999875e-01 4.523304e-03 -2.115535e-03 -8.279838e-01 -4.533628e-03 9.999777e-01 -4.900897e-03 -6.064189e+00 2.093320e-03 4.910427e-03 9.999858e-01 3.276532e+02 
9.999852e-01 5.418699e-03 -4.760642e-04 -8.048660e-01 -5.421683e-03 9.999641e-01 -6.508083e-03 -6.206171e+00 4.407818e-04 6.510568e-03 9.999787e-01 3.342040e+02 
9.999852e-01 5.418699e-03 -4.760642e-04 -8.048660e-01 -5.421683e-03 9.999641e-01 -6.508083e-03 -6.206171e+00 4.407818e-04 6.510568e-03 9.999787e-01 3.342040e+02 
9.999852e-01 5.418699e-03 -4.760642e-04 -8.048660e-01 -5.421683e-03 9.999641e-01 -6.508083e-03 -6.206171e+00 4.407818e-04 6.510568e-03 9.999787e-01 3.342040e+02 
9.999852e-01 5.418699e-03 -4.760642e-04 -8.048660e-01 -5.421683e-03 9.999641e-01 -6.508083e-03 -6.206171e+00 4.407818e-04 6.510568e-03 9.999787e-01 3.342040e+02 
9.999947e-01 2.972195e-03 -1.300512e-03 -8.145253e-01 -2.973614e-03 9.999950e-01 -1.090805e-03 -6.336055e+00 1.297264e-03 1.094667e-03 9.999986e-01 3.407560e+02 
9.999947e-01 2.972195e-03 -1.300512e-03 -8.145253e-01 -2.973614e-03 9.999950e-01 -1.090805e-03 -6.336055e+00 1.297264e-03 1.094667e-03 9.999986e-01 3.407560e+02 
9.999947e-01 2.972195e-03 -1.300512e-03 -8.145253e-01 -2.973614e-03 9.999950e-01 -1.090805e-03 -6.336055e+00 1.297264e-03 1.094667e-03 9.999986e-01 3.407560e+02 
9.999947e-01 2.972195e-03 -1.300512e-03 -8.145253e-01 -2.973614e-03 9.999950e-01 -1.090805e-03 -6.336055e+00 1.297264e-03 1.094667e-03 9.999986e-01 3.407560e+02 
9.999968e-01 -2.527938e-03 -1.643626e-05 -8.365394e-01 2.527928e-03 9.999966e-01 -5.842882e-04 -6.464211e+00 1.791325e-05 5.842448e-04 9.999998e-01 3.471435e+02 
9.999968e-01 -2.527938e-03 -1.643626e-05 -8.365394e-01 2.527928e-03 9.999966e-01 -5.842882e-04 -6.464211e+00 1.791325e-05 5.842448e-04 9.999998e-01 3.471435e+02 
9.999968e-01 -2.527938e-03 -1.643626e-05 -8.365394e-01 2.527928e-03 9.999966e-01 -5.842882e-04 -6.464211e+00 1.791325e-05 5.842448e-04 9.999998e-01 3.471435e+02 
9.999968e-01 -2.527938e-03 -1.643626e-05 -8.365394e-01 2.527928e-03 9.999966e-01 -5.842882e-04 -6.464211e+00 1.791325e-05 5.842448e-04 9.999998e-01 3.471435e+02 
9.999921e-01 -3.927407e-03 -6.359851e-04 -8.957293e-01 3.925134e-03 9.999860e-01 -3.536512e-03 -6.603719e+00 6.498655e-04 3.533988e-03 9.999935e-01 3.535722e+02 
9.999921e-01 -3.927407e-03 -6.359851e-04 -8.957293e-01 3.925134e-03 9.999860e-01 -3.536512e-03 -6.603719e+00 6.498655e-04 3.533988e-03 9.999935e-01 3.535722e+02 
9.999921e-01 -3.927407e-03 -6.359851e-04 -8.957293e-01 3.925134e-03 9.999860e-01 -3.536512e-03 -6.603719e+00 6.498655e-04 3.533988e-03 9.999935e-01 3.535722e+02 
