1.000000e+00 0.000000e+00 0.000000e+00 0.000000e+00 0.000000e+00 1.000000e+00 0.000000e+00 0.000000e+00 0.000000e+00 0.000000e+00 1.000000e+00 -0.000000e+00 
1.000000e+00 0.000000e+00 0.000000e+00 0.000000e+00 0.000000e+00 1.000000e+00 0.000000e+00 0.000000e+00 0.000000e+00 0.000000e+00 1.000000e+00 -0.000000e+00 
1.000000e+00 0.000000e+00 0.000000e+00 0.000000e+00 0.000000e+00 1.000000e+00 0.000000e+00 0.000000e+00 0.000000e+00 0.000000e+00 1.000000e+00 -0.000000e+00 
9.998247e-01 -1.783218e-02 -5.704412e-03 -2.217597e-02 1.785812e-02 9.998303e-01 4.529907e-03 -1.392558e-03 5.622666e-03 -4.630983e-03 9.999735e-01 2.080803e+00 
9.998247e-01 -1.783218e-02 -5.704412e-03 -2.217597e-02 1.785812e-02 9.998303e-01 4.529907e-03 -1.392558e-03 5.622666e-03 -4.630983e-03 9.999735e-01 2.080803e+00 
9.998247e-01 -1.783218e-02 -5.704412e-03 -2.217597e-02 1.785812e-02 9.998303e-01 4.529907e-03 -1.392558e-03 5.622666e-03 -4.630983e-03 9.999735e-01 2.080803e+00 
9.998247e-01 -1.783218e-02 -5.704412e-03 -2.217597e-02 1.785812e-02 9.998303e-01 4.529907e-03 -1.392558e-03 5.622666e-03 -4.630983e-03 9.999735e-01 2.080803e+00 
9.993792e-01 -3.518817e-02 -1.722847e-03 -1.245173e-01 3.519689e-02 9.993662e-01 5.329266e-03 -4.418556e-02 1.534228e-03 -5.386597e-03 9.999843e-01 6.015252e+00 
9.993792e-01 -3.518817e-02 -1.722847e-03 -1.245173e-01 3.519689e-02 9.993662e-01 5.329266e-03 -4.418556e-02 1.534228e-03 -5.386597e-03 9.999843e-01 6.015252e+00 
9.993792e-01 -3.518817e-02 -1.722847e-03 -1.245173e-01 3.519689e-02 9.993662e-01 5.329266e-03 -4.418556e-02 1.534228e-03 -5.386597e-03 9.999843e-01 6.015252e+00 
9.993792e-01 -3.518817e-02 -1.722847e-03 -1.245173e-01 3.519689e-02 9.993662e-01 5.329266e-03 -4.418556e-02 1.534228e-03 -5.386597e-03 9.999843e-01 6.015252e+00 
9.989589e-01 -4.561634e-02 -5.327638e-04 -2.675402e-01 4.561790e-02 9.989531e-01 3.420887e-03 -7.136997e-02 3.761578e-04 -3.441629e-03 9.999940e-01 9.363505e+00 
9.989589e-01 -4.561634e-02 -5.327638e-04 -2.675402e-01 4.561790e-02 9.989531e-01 3.420887e-03 -7.136997e-02 3.761578e-04 -3.441629e-03 9.999940e-01 9.363505e+00 
9.989589e-01 -4.561634e-02 -5.327638e-04 -2.675402e-01 4.561790e-02 9.989531e-01 3.420887e-03 -7.136997e-02 3.761578e-04 -3.441629e-03 9.999940e-01 9.363505e+00 
9.989589e-01 -4.561634e-02 -5.327638e-04 -2.675402e-01 4.561790e-02 9.989531e-01 3.420887e-03 -7.136997e-02 3.761578e-04 -3.441629e-03 9.999940e-01 9.363505e+00 
9.986136e-01 -5.244090e-02 -4.568333e-03 -4.406827e-01 5.245773e-02 9.986165e-01 3.645284e-03 -1.052606e-01 4.370851e-03 -3.879874e-03 9.999829e-01 1.282241e+01 
9.986136e-01 -5.244090e-02 -4.568333e-03 -4.406827e-01 5.245773e-02 9.986165e-01 3.645284e-03 -1.052606e-01 4.370851e-03 -3.879874e-03 9.999829e-01 1.282241e+01 
9.986136e-01 -5.244090e-02 -4.568333e-03 -4.406827e-01 5.245773e-02 9.986165e-01 3.645284e-03 -1.052606e-01 4.370851e-03 -3.879874e-03 9.999829e-01 1.282241e+01 
9.986136e-01 -5.244090e-02 -4.568333e-03 -4.406827e-01 5.245773e-02 9.986165e-01 3.645284e-03 -1.052606e-01 4.370851e-03 -3.879874e-03 9.999829e-01 1.282241e+01 
9.983198e-01 -5.784636e-02 -3.361700e-03 -6.588210e-01 5.787384e-02 9.982855e-01 8.752690e-03 -1.518263e-01 2.849625e-03 -8.932539e-03 9.999560e-01 1.643184e+01 
9.983198e-01 -5.784636e-02 -3.361700e-03 -6.588210e-01 5.787384e-02 9.982855e-01 8.752690e-03 -1.518263e-01 2.849625e-03 -8.932539e-03 9.999560e-01 1.643184e+01 
9.983198e-01 -5.784636e-02 -3.361700e-03 -6.588210e-01 5.787384e-02 9.982855e-01 8.752690e-03 -1.518263e-01 2.849625e-03 -8.932539e-03 9.999560e-01 1.643184e+01 
9.983198e-01 -5.784636e-02 -3.361700e-03 -6.588210e-01 5.787384e-02 9.982855e-01 8.752690e-03 -1.518263e-01 2.849625e-03 -8.932539e-03 9.999560e-01 1.643184e+01 
9.980528e-01 -6.231055e-02 -2.823494e-03 -8.891904e-01 6.232631e-02 9.980385e-01 5.887850e-03 -1.960515e-01 2.451081e-03 -6.052364e-03 9.999787e-01 2.010528e+01 
9.980528e-01 -6.231055e-02 -2.823494e-03 -8.891904e-01 6.232631e-02 9.980385e-01 5.887850e-03 -1.960515e-01 2.451081e-03 -6.052364e-03 9.999787e-01 2.010528e+01 
9.980528e-01 -6.231055e-02 -2.823494e-03 -8.891904e-01 6.232631e-02 9.980385e-01 5.887850e-03 -1.960515e-01 2.451081e-03 -6.052364e-03 9.999787e-01 2.010528e+01 
9.980528e-01 -6.231055e-02 -2.823494e-03 -8.891904e-01 6.232631e-02 9.980385e-01 5.887850e-03 -1.960515e-01 2.451081e-03 -6.052364e-03 9.999787e-01 2.010528e+01 
9.982768e-01 -5.808327e-02 8.347743e-03 -1.138692e+00 5.802536e-02 9.982904e-01 7.020684e-03 -2.442475e-01 -8.741256e-03 -6.524206e-03 9.999405e-01 2.385525e+01 
9.982768e-01 -5.808327e-02 8.347743e-03 -1.138692e+00 5.802536e-02 9.982904e-01 7.020684e-03 -2.442475e-01 -8.741256e-03 -6.524206e-03 9.999405e-01 2.385525e+01 
9.982768e-01 -5.808327e-02 8.347743e-03 -1.138692e+00 5.802536e-02 9.982904e-01 7.020684e-03 -2.442475e-01 -8.741256e-03 -6.524206e-03 9.999405e-01 2.385525e+01 
9.982768e-01 -5.808327e-02 8.347743e-03 -1.138692e+00 5.802536e-02 9.982904e-01 7.020684e-03 -2.442475e-01 -8.741256e-03 -6.524206e-03 9.999405e-01 2.385525e+01 
9.985324e-01 -5.414839e-02 -9.597964e-04 -1.370030e+00 5.415182e-02 9.985247e-01 4.008389e-03 -2.589947e-01 7.413326e-04 -4.054481e-03 9.999915e-01 2.771955e+01 
9.985324e-01 -5.414839e-02 -9.597964e-04 -1.370030e+00 5.415182e-02 9.985247e-01 4.008389e-03 -2.589947e-01 7.413326e-04 -4.054481e-03 9.999915e-01 2.771955e+01 
9.985324e-01 -5.414839e-02 -9.597964e-04 -1.370030e+00 5.415182e-02 9.985247e-01 4.008389e-03 -2.589947e-01 7.413326e-04 -4.054481e-03 9.999915e-01 2.771955e+01 
9.985324e-01 -5.414839e-02 -9.597964e-04 -1.370030e+00 5.415182e-02 9.985247e-01 4.008389e-03 -2.589947e-01 7.413326e-04 -4.054481e-03 9.999915e-01 2.771955e+01 
9.983377e-01 -5.750014e-02 3.950462e-03 -1.598790e+00 5.753905e-02 9.982874e-01 -1.056383e-02 -2.849873e-01 -3.336275e-03 1.077357e-02 9.999364e-01 3.162913e+01 
9.983377e-01 -5.750014e-02 3.950462e-03 -1.598790e+00 5.753905e-02 9.982874e-01 -1.056383e-02 -2.849873e-01 -3.336275e-03 1.077357e-02 9.999364e-01 3.162913e+01 
9.983377e-01 -5.750014e-02 3.950462e-03 -1.598790e+00 5.753905e-02 9.982874e-01 -1.056383e-02 -2.849873e-01 -3.336275e-03 1.077357e-02 9.999364e-01 3.162913e+01 
9.983377e-01 -5.750014e-02 3.950462e-03 -1.598790e+00 5.753905e-02 9.982874e-01 -1.056383e-02 -2.849873e-01 -3.336275e-03 1.077357e-02 9.999364e-01 3.162913e+01 
9.980118e-01 -6.292662e-02 3.565873e-03 -1.846638e+00 6.294793e-02 9.979974e-01 -6.217175e-03 -3.207314e-01 -3.167507e-03 6.429278e-03 9.999743e-01 3.559326e+01 
9.980118e-01 -6.292662e-02 3.565873e-03 -1.846638e+00 6.294793e-02 9.979974e-01 -6.217175e-03 -3.207314e-01 -3.167507e-03 6.429278e-03 9.999743e-01 3.559326e+01 
9.980118e-01 -6.292662e-02 3.565873e-03 -1.846638e+00 6.294793e-02 9.979974e-01 -6.217175e-03 -3.207314e-01 -3.167507e-03 6.429278e-03 9.999743e-01 3.559326e+01 
9.980118e-01 -6.292662e-02 3.565873e-03 -1.846638e+00 6.294793e-02 9.979974e-01 -6.217175e-03 -3.207314e-01 -3.167507e-03 6.429278e-03 9.999743e-01 3.559326e+01 
9.977564e-01 -6.576943e-02 1.251224e-02 -2.107896e+00 6.577711e-02 9.978343e-01 -2.027074e-04 -3.510647e-01 -1.247181e-02 1.025272e-03 9.999217e-01 3.954014e+01 
9.977564e-01 -6.576943e-02 1.251224e-02 -2.107896e+00 6.577711e-02 9.978343e-01 -2.027074e-04 -3.510647e-01 -1.247181e-02 1.025272e-03 9.999217e-01 3.954014e+01 
9.977564e-01 -6.576943e-02 1.251224e-02 -2.107896e+00 6.577711e-02 9.978343e-01 -2.027074e-04 -3.510647e-01 -1.247181e-02 1.025272e-03 9.999217e-01 3.954014e+01 
9.977564e-01 -6.576943e-02 1.251224e-02 -2.107896e+00 6.577711e-02 9.978343e-01 -2.027074e-04 -3.510647e-01 -1.247181e-02 1.025272e-03 9.999217e-01 3.954014e+01 
9.977503e-01 -6.655060e-02 8.083634e-03 -2.381125e+00 6.653305e-02 9.977813e-01 2.421757e-03 -3.747455e-01 -8.226868e-03 -1.878480e-03 9.999644e-01 4.346810e+01 
9.977503e-01 -6.655060e-02 8.083634e-03 -2.381125e+00 6.653305e-02 9.977813e-01 2.421757e-03 -3.747455e-01 -8.226868e-03 -1.878480e-03 9.999644e-01 4.346810e+01 
9.977503e-01 -6.655060e-02 8.083634e-03 -2.381125e+00 6.653305e-02 9.977813e-01 2.421757e-03 -3.747455e-01 -8.226868e-03 -1.878480e-03 9.999644e-01 4.346810e+01 
9.977503e-01 -6.655060e-02 8.083634e-03 -2.381125e+00 6.653305e-02 9.977813e-01 2.421757e-03 -3.747455e-01 -8.226868e-03 -1.878480e-03 9.999644e-01 4.346810e+01 
9.975633e-01 -6.970654e-02 2.923485e-03 -2.668436e+00 6.969720e-02 9.975631e-01 3.184559e-03 -3.880903e-01 -3.138345e-03 -2.973040e-03 9.999907e-01 4.751402e+01 
9.975633e-01 -6.970654e-02 2.923485e-03 -2.668436e+00 6.969720e-02 9.975631e-01 3.184559e-03 -3.880903e-01 -3.138345e-03 -2.973040e-03 9.999907e-01 4.751402e+01 
9.975633e-01 -6.970654e-02 2.923485e-03 -2.668436e+00 6.969720e-02 9.975631e-01 3.184559e-03 -3.880903e-01 -3.138345e-03 -2.973040e-03 9.999907e-01 4.751402e+01 
9.975633e-01 -6.970654e-02 2.923485e-03 -2.668436e+00 6.969720e-02 9.975631e-01 3.184559e-03 -3.880903e-01 -3.138345e-03 -2.973040e-03 9.999907e-01 4.751402e+01 
9.974661e-01 -7.053349e-02 9.300131e-03 -2.949629e+00 7.053756e-02 9.975091e-01 -1.093646e-04 -4.384377e-01 -9.269251e-03 7.650959e-04 9.999567e-01 5.133219e+01 
9.974661e-01 -7.053349e-02 9.300131e-03 -2.949629e+00 7.053756e-02 9.975091e-01 -1.093646e-04 -4.384377e-01 -9.269251e-03 7.650959e-04 9.999567e-01 5.133219e+01 
9.974661e-01 -7.053349e-02 9.300131e-03 -2.949629e+00 7.053756e-02 9.975091e-01 -1.093646e-04 -4.384377e-01 -9.269251e-03 7.650959e-04 9.999567e-01 5.133219e+01 
9.974661e-01 -7.053349e-02 9.300131e-03 -2.949629e+00 7.053756e-02 9.975091e-01 -1.093646e-04 -4.384377e-01 -9.269251e-03 7.650959e-04 9.999567e-01 5.133219e+01 
9.972003e-01 -7.366810e-02 1.282805e-02 -3.243048e+00 7.382867e-02 9.971922e-01 -1.252813e-02 -4.516011e-01 -1.186911e-02 1.344014e-02 9.998392e-01 5.519456e+01 
9.972003e-01 -7.366810e-02 1.282805e-02 -3.243048e+00 7.382867e-02 9.971922e-01 -1.252813e-02 -4.516011e-01 -1.186911e-02 1.344014e-02 9.998392e-01 5.519456e+01 
9.972003e-01 -7.366810e-02 1.282805e-02 -3.243048e+00 7.382867e-02 9.971922e-01 -1.252813e-02 -4.516011e-01 -1.186911e-02 1.344014e-02 9.998392e-01 5.519456e+01 
9.972003e-01 -7.366810e-02 1.282805e-02 -3.243048e+00 7.382867e-02 9.971922e-01 -1.252813e-02 -4.516011e-01 -1.186911e-02 1.344014e-02 9.998392e-01 5.519456e+01 
9.970197e-01 -7.676991e-02 7.624242e-03 -3.536280e+00 7.681875e-02 9.970250e-01 -6.332683e-03 -4.614440e-01 -7.115400e-03 6.899494e-03 9.999509e-01 5.902979e+01 
9.970197e-01 -7.676991e-02 7.624242e-03 -3.536280e+00 7.681875e-02 9.970250e-01 -6.332683e-03 -4.614440e-01 -7.115400e-03 6.899494e-03 9.999509e-01 5.902979e+01 
9.970197e-01 -7.676991e-02 7.624242e-03 -3.536280e+00 7.681875e-02 9.970250e-01 -6.332683e-03 -4.614440e-01 -7.115400e-03 6.899494e-03 9.999509e-01 5.902979e+01 
9.970197e-01 -7.676991e-02 7.624242e-03 -3.536280e+00 7.681875e-02 9.970250e-01 -6.332683e-03 -4.614440e-01 -7.115400e-03 6.899494e-03 9.999509e-01 5.902979e+01 
9.967101e-01 -8.075579e-02 6.896650e-03 -3.841766e+00 8.072536e-02 9.967258e-01 4.582901e-03 -5.031559e-01 -7.244165e-03 -4.011089e-03 9.999657e-01 6.267762e+01 
9.967101e-01 -8.075579e-02 6.896650e-03 -3.841766e+00 8.072536e-02 9.967258e-01 4.582901e-03 -5.031559e-01 -7.244165e-03 -4.011089e-03 9.999657e-01 6.267762e+01 
9.967101e-01 -8.075579e-02 6.896650e-03 -3.841766e+00 8.072536e-02 9.967258e-01 4.582901e-03 -5.031559e-01 -7.244165e-03 -4.011089e-03 9.999657e-01 6.267762e+01 
9.967101e-01 -8.075579e-02 6.896650e-03 -3.841766e+00 8.072536e-02 9.967258e-01 4.582901e-03 -5.031559e-01 -7.244165e-03 -4.011089e-03 9.999657e-01 6.267762e+01 
9.962151e-01 -8.652506e-02 8.303776e-03 -4.127753e+00 8.646769e-02 9.962298e-01 7.037211e-03 -5.397682e-01 -8.881364e-03 -6.292567e-03 9.999408e-01 6.604763e+01 
9.962151e-01 -8.652506e-02 8.303776e-03 -4.127753e+00 8.646769e-02 9.962298e-01 7.037211e-03 -5.397682e-01 -8.881364e-03 -6.292567e-03 9.999408e-01 6.604763e+01 
9.962151e-01 -8.652506e-02 8.303776e-03 -4.127753e+00 8.646769e-02 9.962298e-01 7.037211e-03 -5.397682e-01 -8.881364e-03 -6.292567e-03 9.999408e-01 6.604763e+01 
9.962151e-01 -8.652506e-02 8.303776e-03 -4.127753e+00 8.646769e-02 9.962298e-01 7.037211e-03 -5.397682e-01 -8.881364e-03 -6.292567e-03 9.999408e-01 6.604763e+01 
9.955932e-01 -9.213619e-02 1.746737e-02 -4.424261e+00 9.188751e-02 9.956632e-01 1.454330e-02 -5.617355e-01 -1.873158e-02 -1.287418e-02 9.997417e-01 6.920857e+01 
9.955932e-01 -9.213619e-02 1.746737e-02 -4.424261e+00 9.188751e-02 9.956632e-01 1.454330e-02 -5.617355e-01 -1.873158e-02 -1.287418e-02 9.997417e-01 6.920857e+01 
9.955932e-01 -9.213619e-02 1.746737e-02 -4.424261e+00 9.188751e-02 9.956632e-01 1.454330e-02 -5.617355e-01 -1.873158e-02 -1.287418e-02 9.997417e-01 6.920857e+01 
9.955932e-01 -9.213619e-02 1.746737e-02 -4.424261e+00 9.188751e-02 9.956632e-01 1.454330e-02 -5.617355e-01 -1.873158e-02 -1.287418e-02 9.997417e-01 6.920857e+01 
9.953790e-01 -9.601051e-02 -1.631604e-03 -4.723356e+00 9.602436e-02 9.952250e-01 1.751015e-02 -5.576137e-01 -5.734574e-05 -1.758591e-02 9.998454e-01 7.207888e+01 
9.953790e-01 -9.601051e-02 -1.631604e-03 -4.723356e+00 9.602436e-02 9.952250e-01 1.751015e-02 -5.576137e-01 -5.734574e-05 -1.758591e-02 9.998454e-01 7.207888e+01 
9.953790e-01 -9.601051e-02 -1.631604e-03 -4.723356e+00 9.602436e-02 9.952250e-01 1.751015e-02 -5.576137e-01 -5.734574e-05 -1.758591e-02 9.998454e-01 7.207888e+01 
9.953790e-01 -9.601051e-02 -1.631604e-03 -4.723356e+00 9.602436e-02 9.952250e-01 1.751015e-02 -5.576137e-01 -5.734574e-05 -1.758591e-02 9.998454e-01 7.207888e+01 
9.951016e-01 -9.880949e-02 -3.072683e-03 -4.988974e+00 9.883295e-02 9.950655e-01 8.758840e-03 -5.976167e-01 2.192064e-03 -9.019618e-03 9.999569e-01 7.469175e+01 
9.951016e-01 -9.880949e-02 -3.072683e-03 -4.988974e+00 9.883295e-02 9.950655e-01 8.758840e-03 -5.976167e-01 2.192064e-03 -9.019618e-03 9.999569e-01 7.469175e+01 
9.951016e-01 -9.880949e-02 -3.072683e-03 -4.988974e+00 9.883295e-02 9.950655e-01 8.758840e-03 -5.976167e-01 2.192064e-03 -9.019618e-03 9.999569e-01 7.469175e+01 
9.951016e-01 -9.880949e-02 -3.072683e-03 -4.988974e+00 9.883295e-02 9.950655e-01 8.758840e-03 -5.976167e-01 2.192064e-03 -9.019618e-03 9.999569e-01 7.469175e+01 
9.962868e-01 -8.607071e-02 -2.087959e-03 -5.224556e+00 8.608675e-02 9.962425e-01 9.481870e-03 -6.357918e-01 1.264002e-03 -9.626408e-03 9.999529e-01 7.701176e+01 
9.962868e-01 -8.607071e-02 -2.087959e-03 -5.224556e+00 8.608675e-02 9.962425e-01 9.481870e-03 -6.357918e-01 1.264002e-03 -9.626408e-03 9.999529e-01 7.701176e+01 
9.962868e-01 -8.607071e-02 -2.087959e-03 -5.224556e+00 8.608675e-02 9.962425e-01 9.481870e-03 -6.357918e-01 1.264002e-03 -9.626408e-03 9.999529e-01 7.701176e+01 
9.962868e-01 -8.607071e-02 -2.087959e-03 -5.224556e+00 8.608675e-02 9.962425e-01 9.481870e-03 -6.357918e-01 1.264002e-03 -9.626408e-03 9.999529e-01 7.701176e+01 
9.989071e-01 -4.640507e-02 5.581956e-03 -5.386344e+00 4.634003e-02 9.988622e-01 1.126490e-02 -6.807411e-01 -6.098353e-03 -1.099392e-02 9.999210e-01 7.906874e+01 
9.989071e-01 -4.640507e-02 5.581956e-03 -5.386344e+00 4.634003e-02 9.988622e-01 1.126490e-02 -6.807411e-01 -6.098353e-03 -1.099392e-02 9.999210e-01 7.906874e+01 
9.999566e-01 -6.141388e-03 7.007358e-03 -5.428023e+00 6.037798e-03 9.998736e-01 1.470975e-02 -6.897295e-01 -7.096811e-03 -1.466680e-02 9.998673e-01 8.003679e+01 
9.999566e-01 -6.141388e-03 7.007358e-03 -5.428023e+00 6.037798e-03 9.998736e-01 1.470975e-02 -6.897295e-01 -7.096811e-03 -1.466680e-02 9.998673e-01 8.003679e+01 
9.987395e-01 4.910196e-02 1.041398e-02 -5.428136e+00 -4.920355e-02 9.987413e-01 9.734907e-03 -7.033556e-01 -9.922866e-03 -1.023504e-02 9.998984e-01 8.098506e+01 
9.965517e-01 8.207623e-02 1.217183e-02 -5.405561e+00 -8.219426e-02 9.965707e-01 9.535424e-03 -7.090803e-01 -1.134745e-02 -1.050300e-02 9.998805e-01 8.143637e+01 
9.927592e-01 1.194266e-01 1.290203e-02 -5.368422e+00 -1.195512e-01 9.927840e-01 9.352166e-03 -7.126901e-01 -1.169204e-02 -1.082690e-02 9.998730e-01 8.188159e+01 
9.868464e-01 1.611117e-01 1.331152e-02 -5.324694e+00 -1.612419e-01 9.868705e-01 9.361874e-03 -7.147063e-01 -1.162844e-02 -1.138511e-02 9.998676e-01 8.230137e+01 
9.785181e-01 2.056935e-01 1.387617e-02 -5.240912e+00 -2.058215e-01 9.785525e-01 8.519535e-03 -7.165368e-01 -1.182614e-02 -1.119253e-02 9.998674e-01 8.263832e+01 
9.669166e-01 2.547651e-01 1.292674e-02 -5.160299e+00 -2.549070e-01 9.669047e-01 1.085090e-02 -7.227545e-01 -9.734499e-03 -1.378703e-02 9.998576e-01 8.305120e+01 
9.513265e-01 3.079900e-01 1.095469e-02 -5.059922e+00 -3.081099e-01 9.512778e-01 1.178231e-02 -7.260465e-01 -6.792119e-03 -1.458407e-02 9.998706e-01 8.346316e+01 
9.314137e-01 3.638334e-01 9.682969e-03 -4.944998e+00 -3.639327e-01 9.313476e-01 1.202766e-02 -7.294251e-01 -4.642145e-03 -1.472668e-02 9.998808e-01 8.384357e+01 
9.077865e-01 4.193446e-01 8.585500e-03 -4.797897e+00 -4.194269e-01 9.076905e-01 1.338027e-02 -7.300743e-01 -2.182033e-03 -1.574742e-02 9.998736e-01 8.413081e+01 
8.786050e-01 4.774926e-01 7.354814e-03 -4.646549e+00 -4.775492e-01 8.784979e-01 1.371936e-02 -7.312981e-01 8.970572e-05 -1.556619e-02 9.998788e-01 8.448940e+01 
8.449191e-01 5.348709e-01 4.984191e-03 -4.466063e+00 -5.348895e-01 8.448366e-01 1.201205e-02 -7.367801e-01 2.214069e-03 -1.281520e-02 9.999154e-01 8.484165e+01 
8.077155e-01 5.895566e-01 4.329401e-03 -4.269356e+00 -5.895633e-01 8.076400e-01 1.152691e-02 -7.482477e-01 3.299168e-03 -1.186292e-02 9.999242e-01 8.517834e+01 
7.695892e-01 6.385137e-01 5.718522e-03 -4.047553e+00 -6.385357e-01 7.695240e-01 1.024993e-02 -7.634018e-01 2.144180e-03 -1.153972e-02 9.999311e-01 8.543779e+01 
7.263777e-01 6.872378e-01 8.922872e-03 -3.815922e+00 -6.872957e-01 7.263097e-01 9.946705e-03 -7.720512e-01 3.549834e-04 -1.335772e-02 9.999107e-01 8.573681e+01 
6.813403e-01 7.319099e-01 9.129485e-03 -3.555229e+00 -7.319667e-01 6.812792e-01 9.131861e-03 -7.748238e-01 4.639709e-04 -1.290438e-02 9.999166e-01 8.601286e+01 
6.348454e-01 7.726146e-01 6.164485e-03 -3.276209e+00 -7.726369e-01 6.348038e-01 7.512606e-03 -7.825791e-01 1.891111e-03 -9.532252e-03 9.999528e-01 8.627673e+01 
5.903462e-01 8.071456e-01 2.728178e-03 -3.021004e+00 -8.071484e-01 5.903344e-01 4.106034e-03 -8.038417e-01 1.703629e-03 -4.626026e-03 9.999878e-01 8.644619e+01 
5.435703e-01 8.393530e-01 4.234019e-03 -2.722156e+00 -8.393589e-01 5.435434e-01 6.092228e-03 -8.131479e-01 2.812157e-03 -6.865416e-03 9.999725e-01 8.666951e+01 
4.962213e-01 8.681622e-01 7.669802e-03 -2.410847e+00 -8.681877e-01 4.961582e-01 8.785727e-03 -8.228003e-01 3.822001e-03 -1.101849e-02 9.999320e-01 8.687775e+01 
4.509228e-01 8.925284e-01 7.850552e-03 -2.081704e+00 -8.925402e-01 4.508311e-01 1.110425e-02 -8.243574e-01 6.371586e-03 -1.201409e-02 9.999075e-01 8.707029e+01 
4.093907e-01 9.123580e-01 1.439875e-03 -1.785923e+00 -9.123305e-01 4.093648e-01 8.573309e-03 -8.319005e-01 7.232493e-03 -4.823475e-03 9.999622e-01 8.720580e+01 
3.700473e-01 9.289459e-01 -1.115896e-02 -1.440862e+00 -9.289990e-01 3.700808e-01 1.027453e-03 -8.376580e-01 5.084167e-03 9.986459e-03 9.999372e-01 8.735488e+01 
3.349318e-01 9.421375e-01 -1.405498e-02 -1.086311e+00 -9.422401e-01 3.349265e-01 -2.800031e-03 -8.451504e-01 2.069373e-03 1.418099e-02 9.998973e-01 8.748947e+01 
3.019815e-01 9.532396e-01 -1.189467e-02 -7.193018e-01 -9.533017e-01 3.020171e-01 1.274309e-03 -8.509156e-01 4.807115e-03 1.095439e-02 9.999284e-01 8.762001e+01 
2.700644e-01 9.628396e-01 -2.250616e-03 -4.235053e-01 -9.627939e-01 2.700735e-01 9.393101e-03 -8.586006e-01 9.651882e-03 -3.698622e-04 9.999534e-01 8.772329e+01 
2.700644e-01 9.628396e-01 -2.250616e-03 -4.235053e-01 -9.627939e-01 2.700735e-01 9.393101e-03 -8.586006e-01 9.651882e-03 -3.698622e-04 9.999534e-01 8.772329e+01 
2.164883e-01 9.762845e-01 1.154327e-03 3.474996e-01 -9.761735e-01 2.164456e-01 1.538027e-02 -8.863665e-01 1.476567e-02 -4.456474e-03 9.998811e-01 8.793026e+01 
2.164883e-01 9.762845e-01 1.154327e-03 3.474996e-01 -9.761735e-01 2.164456e-01 1.538027e-02 -8.863665e-01 1.476567e-02 -4.456474e-03 9.998811e-01 8.793026e+01 
1.720846e-01 9.849881e-01 -1.361529e-02 1.183791e+00 -9.847664e-01 1.723629e-01 2.293891e-02 -8.848469e-01 2.494132e-02 9.460447e-03 9.996442e-01 8.810721e+01 
1.720846e-01 9.849881e-01 -1.361529e-02 1.183791e+00 -9.847664e-01 1.723629e-01 2.293891e-02 -8.848469e-01 2.494132e-02 9.460447e-03 9.996442e-01 8.810721e+01 
1.347945e-01 9.907846e-01 -1.328108e-02 2.049105e+00 -9.903602e-01 1.351440e-01 3.037600e-02 -8.918821e-01 3.189092e-02 9.058533e-03 9.994503e-01 8.825592e+01 
1.347945e-01 9.907846e-01 -1.328108e-02 2.049105e+00 -9.903602e-01 1.351440e-01 3.037600e-02 -8.918821e-01 3.189092e-02 9.058533e-03 9.994503e-01 8.825592e+01 
1.045928e-01 9.944631e-01 -1.017483e-02 2.979305e+00 -9.942307e-01 1.048021e-01 2.284347e-02 -9.402418e-01 2.378334e-02 7.726863e-03 9.996873e-01 8.837853e+01 
1.045928e-01 9.944631e-01 -1.017483e-02 2.979305e+00 -9.942307e-01 1.048021e-01 2.284347e-02 -9.402418e-01 2.378334e-02 7.726863e-03 9.996873e-01 8.837853e+01 
1.045928e-01 9.944631e-01 -1.017483e-02 2.979305e+00 -9.942307e-01 1.048021e-01 2.284347e-02 -9.402418e-01 2.378334e-02 7.726863e-03 9.996873e-01 8.837853e+01 
6.971813e-02 9.973832e-01 -1.913540e-02 4.492763e+00 -9.973387e-01 7.009949e-02 2.003928e-02 -9.872965e-01 2.132822e-02 1.768738e-02 9.996161e-01 8.851726e+01 
6.902086e-02 9.974463e-01 -1.835817e-02 4.460926e+00 -9.973839e-01 6.938943e-02 2.026015e-02 -9.907073e-01 2.148227e-02 1.691177e-02 9.996262e-01 8.851782e+01 
6.902086e-02 9.974463e-01 -1.835817e-02 4.460926e+00 -9.973839e-01 6.938943e-02 2.026015e-02 -9.907073e-01 2.148227e-02 1.691177e-02 9.996262e-01 8.851782e+01 
6.902086e-02 9.974463e-01 -1.835817e-02 4.460926e+00 -9.973839e-01 6.938943e-02 2.026015e-02 -9.907073e-01 2.148227e-02 1.691177e-02 9.996262e-01 8.851782e+01 
4.385256e-02 9.987530e-01 -2.386029e-02 6.715706e+00 -9.987571e-01 4.439410e-02 2.266082e-02 -1.054671e+00 2.369182e-02 2.283690e-02 9.994584e-01 8.865202e+01 
4.373991e-02 9.987411e-01 -2.455524e-02 6.743218e+00 -9.987520e-01 4.430707e-02 2.304909e-02 -1.046143e+00 2.410805e-02 2.351643e-02 9.994327e-01 8.865342e+01 
4.373991e-02 9.987411e-01 -2.455524e-02 6.743218e+00 -9.987520e-01 4.430707e-02 2.304909e-02 -1.046143e+00 2.410805e-02 2.351643e-02 9.994327e-01 8.865342e+01 
4.373991e-02 9.987411e-01 -2.455524e-02 6.743218e+00 -9.987520e-01 4.430707e-02 2.304909e-02 -1.046143e+00 2.410805e-02 2.351643e-02 9.994327e-01 8.865342e+01 
3.109747e-02 9.990116e-01 -3.176116e-02 9.308331e+00 -9.992554e-01 3.179970e-02 2.184902e-02 -1.121139e+00 2.283742e-02 3.105806e-02 9.992566e-01 8.875554e+01 
3.081182e-02 9.990514e-01 -3.077240e-02 9.250901e+00 -9.992648e-01 3.149190e-02 2.186539e-02 -1.125552e+00 2.281373e-02 3.007607e-02 9.992872e-01 8.874809e+01 
3.081182e-02 9.990514e-01 -3.077240e-02 9.250901e+00 -9.992648e-01 3.149190e-02 2.186539e-02 -1.125552e+00 2.281373e-02 3.007607e-02 9.992872e-01 8.874809e+01 
3.081182e-02 9.990514e-01 -3.077240e-02 9.250901e+00 -9.992648e-01 3.149190e-02 2.186539e-02 -1.125552e+00 2.281373e-02 3.007607e-02 9.992872e-01 8.874809e+01 
3.727286e-02 9.983633e-01 -4.337497e-02 1.210083e+01 -9.990566e-01 3.819640e-02 2.066154e-02 -1.208010e+00 2.228450e-02 4.256393e-02 9.988452e-01 8.884627e+01 
3.695855e-02 9.984069e-01 -4.263487e-02 1.208633e+01 -9.990676e-01 3.786839e-02 2.073351e-02 -1.210272e+00 2.231499e-02 4.182884e-02 9.988756e-01 8.884415e+01 
3.695855e-02 9.984069e-01 -4.263487e-02 1.208633e+01 -9.990676e-01 3.786839e-02 2.073351e-02 -1.210272e+00 2.231499e-02 4.182884e-02 9.988756e-01 8.884415e+01 
3.695855e-02 9.984069e-01 -4.263487e-02 1.208633e+01 -9.990676e-01 3.786839e-02 2.073351e-02 -1.210272e+00 2.231499e-02 4.182884e-02 9.988756e-01 8.884415e+01 
5.342838e-02 9.977207e-01 -4.121761e-02 1.519265e+01 -9.984226e-01 5.408819e-02 1.506159e-02 -1.294755e+00 1.725664e-02 4.034788e-02 9.990367e-01 8.899889e+01 
5.376414e-02 9.976660e-01 -4.209488e-02 1.512141e+01 -9.984030e-01 5.444047e-02 1.508787e-02 -1.292849e+00 1.734432e-02 4.121647e-02 9.989997e-01 8.897813e+01 
5.376414e-02 9.976660e-01 -4.209488e-02 1.512141e+01 -9.984030e-01 5.444047e-02 1.508787e-02 -1.292849e+00 1.734432e-02 4.121647e-02 9.989997e-01 8.897813e+01 
5.376414e-02 9.976660e-01 -4.209488e-02 1.512141e+01 -9.984030e-01 5.444047e-02 1.508787e-02 -1.292849e+00 1.734432e-02 4.121647e-02 9.989997e-01 8.897813e+01 
6.634556e-02 9.973236e-01 -3.072286e-02 1.841022e+01 -9.974461e-01 6.710694e-02 2.445126e-02 -1.374848e+00 2.644754e-02 2.902216e-02 9.992288e-01 8.917726e+01 
6.634813e-02 9.973061e-01 -3.127901e-02 1.843887e+01 -9.974375e-01 6.713252e-02 2.473098e-02 -1.372725e+00 2.676420e-02 2.955801e-02 9.992047e-01 8.918155e+01 
6.634813e-02 9.973061e-01 -3.127901e-02 1.843887e+01 -9.974375e-01 6.713252e-02 2.473098e-02 -1.372725e+00 2.676420e-02 2.955801e-02 9.992047e-01 8.918155e+01 
6.634813e-02 9.973061e-01 -3.127901e-02 1.843887e+01 -9.974375e-01 6.713252e-02 2.473098e-02 -1.372725e+00 2.676420e-02 2.955801e-02 9.992047e-01 8.918155e+01 
6.600569e-02 9.975230e-01 -2.431152e-02 2.177346e+01 -9.974832e-01 6.659618e-02 2.433674e-02 -1.501745e+00 2.589551e-02 2.264397e-02 9.994082e-01 8.942820e+01 
6.608411e-02 9.975247e-01 -2.402788e-02 2.177462e+01 -9.974815e-01 6.666457e-02 2.421667e-02 -1.501723e+00 2.575854e-02 2.236702e-02 9.994179e-01 8.942814e+01 
6.608411e-02 9.975247e-01 -2.402788e-02 2.177462e+01 -9.974815e-01 6.666457e-02 2.421667e-02 -1.501723e+00 2.575854e-02 2.236702e-02 9.994179e-01 8.942814e+01 
6.608411e-02 9.975247e-01 -2.402788e-02 2.177462e+01 -9.974815e-01 6.666457e-02 2.421667e-02 -1.501723e+00 2.575854e-02 2.236702e-02 9.994179e-01 8.942814e+01 
6.608933e-02 9.977078e-01 -1.454012e-02 2.510455e+01 -9.974562e-01 6.644869e-02 2.580166e-02 -1.634865e+00 2.670868e-02 1.279792e-02 9.995613e-01 8.966544e+01 
6.595561e-02 9.977145e-01 -1.468277e-02 2.501688e+01 -9.974721e-01 6.631529e-02 2.553008e-02 -1.634320e+00 2.644542e-02 1.296180e-02 9.995662e-01 8.966766e+01 
6.595561e-02 9.977145e-01 -1.468277e-02 2.501688e+01 -9.974721e-01 6.631529e-02 2.553008e-02 -1.634320e+00 2.644542e-02 1.296180e-02 9.995662e-01 8.966766e+01 
6.595561e-02 9.977145e-01 -1.468277e-02 2.501688e+01 -9.974721e-01 6.631529e-02 2.553008e-02 -1.634320e+00 2.644542e-02 1.296180e-02 9.995662e-01 8.966766e+01 
4.801295e-02 9.988376e-01 -4.256686e-03 2.831184e+01 -9.986545e-01 4.808688e-02 1.941329e-02 -1.770984e+00 1.959542e-02 3.318869e-03 9.998025e-01 8.989146e+01 
4.798262e-02 9.988358e-01 -4.977043e-03 2.823953e+01 -9.986400e-01 4.807375e-02 2.017560e-02 -1.758477e+00 2.039138e-02 4.002196e-03 9.997841e-01 8.988979e+01 
4.798262e-02 9.988358e-01 -4.977043e-03 2.823953e+01 -9.986400e-01 4.807375e-02 2.017560e-02 -1.758477e+00 2.039138e-02 4.002196e-03 9.997841e-01 8.988979e+01 
4.798262e-02 9.988358e-01 -4.977043e-03 2.823953e+01 -9.986400e-01 4.807375e-02 2.017560e-02 -1.758477e+00 2.039138e-02 4.002196e-03 9.997841e-01 8.988979e+01 
1.160323e-02 9.999206e-01 -4.905105e-03 3.144203e+01 -9.997204e-01 1.170170e-02 2.054593e-02 -1.875013e+00 2.060170e-02 4.665335e-03 9.997769e-01 9.002007e+01 
1.141836e-02 9.999246e-01 -4.526479e-03 3.139352e+01 -9.997211e-01 1.150938e-02 2.061967e-02 -1.874896e+00 2.067021e-02 4.289774e-03 9.997771e-01 9.002339e+01 
1.141836e-02 9.999246e-01 -4.526479e-03 3.139352e+01 -9.997211e-01 1.150938e-02 2.061967e-02 -1.874896e+00 2.067021e-02 4.289774e-03 9.997771e-01 9.002339e+01 
-2.150398e-02 9.997584e-01 -4.547424e-03 3.377350e+01 -9.995874e-01 -2.141321e-02 1.914682e-02 -1.964614e+00 1.904482e-02 4.957280e-03 9.998063e-01 9.003684e+01 
-2.150398e-02 9.997584e-01 -4.547424e-03 3.377350e+01 -9.995874e-01 -2.141321e-02 1.914682e-02 -1.964614e+00 1.904482e-02 4.957280e-03 9.998063e-01 9.003684e+01 
-2.072468e-02 9.997779e-01 -3.818930e-03 3.379120e+01 -9.996071e-01 -2.064874e-02 1.895225e-02 -1.962054e+00 1.886918e-02 4.210209e-03 9.998131e-01 9.002676e+01 
-5.311477e-02 9.985812e-01 -3.796439e-03 3.617501e+01 -9.983568e-01 -5.302018e-02 2.174070e-02 -2.041640e+00 2.150857e-02 4.944953e-03 9.997564e-01 8.997025e+01 
-5.311477e-02 9.985812e-01 -3.796439e-03 3.617501e+01 -9.983568e-01 -5.302018e-02 2.174070e-02 -2.041640e+00 2.150857e-02 4.944953e-03 9.997564e-01 8.997025e+01 
-5.311477e-02 9.985812e-01 -3.796439e-03 3.617501e+01 -9.983568e-01 -5.302018e-02 2.174070e-02 -2.041640e+00 2.150857e-02 4.944953e-03 9.997564e-01 8.997025e+01 
-5.218811e-02 9.986187e-01 -6.089299e-03 3.600300e+01 -9.984061e-01 -5.204386e-02 2.183422e-02 -2.034855e+00 2.148715e-02 7.219080e-03 9.997431e-01 8.994383e+01 
-8.954784e-02 9.959502e-01 -8.022475e-03 3.902428e+01 -9.957382e-01 -8.934457e-02 2.286883e-02 -2.146709e+00 2.205945e-02 1.003614e-02 9.997063e-01 8.975946e+01 
-8.954784e-02 9.959502e-01 -8.022475e-03 3.902428e+01 -9.957382e-01 -8.934457e-02 2.286883e-02 -2.146709e+00 2.205945e-02 1.003614e-02 9.997063e-01 8.975946e+01 
-8.954784e-02 9.959502e-01 -8.022475e-03 3.902428e+01 -9.957382e-01 -8.934457e-02 2.286883e-02 -2.146709e+00 2.205945e-02 1.003614e-02 9.997063e-01 8.975946e+01 
-9.015589e-02 9.959036e-01 -6.918286e-03 3.911200e+01 -9.956845e-01 -8.997821e-02 2.272190e-02 -2.153646e+00 2.200632e-02 8.936943e-03 9.997179e-01 8.976555e+01 
-1.093371e-01 9.938706e-01 -1.632928e-02 4.200004e+01 -9.938856e-01 -1.090550e-01 1.727476e-02 -2.261153e+00 1.538809e-02 1.811821e-02 9.997174e-01 8.949235e+01 
-1.093371e-01 9.938706e-01 -1.632928e-02 4.200004e+01 -9.938856e-01 -1.090550e-01 1.727476e-02 -2.261153e+00 1.538809e-02 1.811821e-02 9.997174e-01 8.949235e+01 
-1.093371e-01 9.938706e-01 -1.632928e-02 4.200004e+01 -9.938856e-01 -1.090550e-01 1.727476e-02 -2.261153e+00 1.538809e-02 1.811821e-02 9.997174e-01 8.949235e+01 
-1.094654e-01 9.938622e-01 -1.597570e-02 4.195309e+01 -9.938734e-01 -1.091916e-01 1.711066e-02 -2.263233e+00 1.526122e-02 1.775085e-02 9.997260e-01 8.949596e+01 
-1.083213e-01 9.939471e-01 -1.831861e-02 4.461011e+01 -9.939657e-01 -1.079661e-01 1.938030e-02 -2.348786e+00 1.728521e-02 2.030737e-02 9.996444e-01 8.921414e+01 
-1.083213e-01 9.939471e-01 -1.831861e-02 4.461011e+01 -9.939657e-01 -1.079661e-01 1.938030e-02 -2.348786e+00 1.728521e-02 2.030737e-02 9.996444e-01 8.921414e+01 
-1.083213e-01 9.939471e-01 -1.831861e-02 4.461011e+01 -9.939657e-01 -1.079661e-01 1.938030e-02 -2.348786e+00 1.728521e-02 2.030737e-02 9.996444e-01 8.921414e+01 
-1.082592e-01 9.939314e-01 -1.950216e-02 4.468281e+01 -9.939716e-01 -1.078800e-01 1.955208e-02 -2.354047e+00 1.732953e-02 2.150129e-02 9.996186e-01 8.921697e+01 
-7.012062e-02 9.973832e-01 -1.760213e-02 4.702323e+01 -9.973459e-01 -6.974939e-02 2.088620e-02 -2.445261e+00 1.960381e-02 1.901996e-02 9.996269e-01 8.899040e+01 
-7.012062e-02 9.973832e-01 -1.760213e-02 4.702323e+01 -9.973459e-01 -6.974939e-02 2.088620e-02 -2.445261e+00 1.960381e-02 1.901996e-02 9.996269e-01 8.899040e+01 
-3.138729e-02 9.993842e-01 -1.568760e-02 4.808613e+01 -9.992180e-01 -3.099677e-02 2.454590e-02 -2.489477e+00 2.404451e-02 1.644576e-02 9.995756e-01 8.892290e+01 
-3.178731e-02 9.993766e-01 -1.535843e-02 4.816126e+01 -9.991955e-01 -3.139814e-02 2.494872e-02 -2.469369e+00 2.445094e-02 1.613913e-02 9.995707e-01 8.893161e+01 
2.094212e-02 9.996979e-01 -1.286619e-02 4.921449e+01 -9.993333e-01 2.131598e-02 2.964209e-02 -2.510796e+00 2.990739e-02 1.223685e-02 9.994778e-01 8.891741e+01 
5.436471e-02 9.984507e-01 -1.185916e-02 4.973999e+01 -9.980758e-01 5.469130e-02 2.921532e-02 -2.528992e+00 2.981865e-02 1.024806e-02 9.995028e-01 8.892757e+01 
9.248129e-02 9.956417e-01 -1.203529e-02 5.024474e+01 -9.953229e-01 9.277710e-02 2.692111e-02 -2.550314e+00 2.792038e-02 9.489296e-03 9.995651e-01 8.895163e+01 
1.345088e-01 9.908668e-01 -9.502202e-03 5.078230e+01 -9.906269e-01 1.346941e-01 2.271361e-02 -2.586219e+00 2.378605e-02 6.357956e-03 9.996969e-01 8.900372e+01 
1.797698e-01 9.836813e-01 -7.339935e-03 5.128233e+01 -9.835178e-01 1.798769e-01 1.836074e-02 -2.611025e+00 1.938140e-02 3.918251e-03 9.998045e-01 8.907079e+01 
2.282224e-01 9.736048e-01 -2.876853e-03 5.177590e+01 -9.734878e-01 2.282396e-01 1.510501e-02 -2.634417e+00 1.536292e-02 -6.467215e-04 9.998818e-01 8.915878e+01 
2.796482e-01 9.601022e-01 8.325590e-04 5.227204e+01 -9.600170e-01 2.796116e-01 1.358941e-02 -2.652888e+00 1.281443e-02 -4.599525e-03 9.999073e-01 8.927379e+01 
3.319476e-01 9.432977e-01 -4.248830e-04 5.274699e+01 -9.431963e-01 3.319184e-01 1.452522e-02 -2.655877e+00 1.384264e-02 -4.420864e-03 9.998944e-01 8.942521e+01 
3.899412e-01 9.208306e-01 -4.122268e-03 5.321370e+01 -9.207105e-01 3.899575e-01 1.501261e-02 -2.666744e+00 1.543158e-02 -2.058620e-03 9.998788e-01 8.958688e+01 
4.495461e-01 8.932253e-01 -7.543923e-03 5.366039e+01 -8.930429e-01 4.496072e-01 1.810256e-02 -2.683437e+00 1.956146e-02 -1.400886e-03 9.998077e-01 8.977332e+01 
5.084162e-01 8.610219e-01 -1.241614e-02 5.408800e+01 -8.607454e-01 5.085677e-01 2.182468e-02 -2.690712e+00 2.510598e-02 -4.088888e-04 9.996847e-01 8.999343e+01 
5.633887e-01 8.260777e-01 -1.374078e-02 5.449247e+01 -8.256995e-01 5.635492e-01 2.515366e-02 -2.705273e+00 2.852248e-02 -2.825538e-03 9.995892e-01 9.025998e+01 
6.188590e-01 7.853834e-01 -1.365502e-02 5.488199e+01 -7.849064e-01 6.189732e-01 2.818208e-02 -2.716305e+00 3.058583e-02 -6.722822e-03 9.995095e-01 9.053147e+01 
6.714728e-01 7.408688e-01 -1.541635e-02 5.525696e+01 -7.403640e-01 6.716062e-01 2.839481e-02 -2.735179e+00 3.139054e-02 -7.652632e-03 9.994779e-01 9.083131e+01 
7.203798e-01 6.933856e-01 -1.641402e-02 5.560192e+01 -6.929278e-01 7.205269e-01 2.630783e-02 -2.753413e+00 3.006821e-02 -7.577898e-03 9.995191e-01 9.115556e+01 
7.659314e-01 6.427961e-01 -1.274139e-02 5.575333e+01 -6.424267e-01 7.659686e-01 2.408189e-02 -2.763108e+00 2.523925e-02 -1.025967e-02 9.996288e-01 9.137253e+01 
8.073836e-01 5.899696e-01 -8.213223e-03 5.604520e+01 -5.897559e-01 8.073565e-01 1.906135e-02 -2.782500e+00 1.787662e-02 -1.054602e-02 9.997846e-01 9.172599e+01 
8.441410e-01 5.361142e-01 -2.761414e-03 5.631562e+01 -5.360077e-01 8.440570e-01 1.623221e-02 -2.802669e+00 1.103311e-02 -1.222213e-02 9.998644e-01 9.210315e+01 
8.754576e-01 4.832859e-01 2.960599e-03 5.657174e+01 -4.832820e-01 8.753729e-01 1.267733e-02 -2.823190e+00 3.535146e-03 -1.252927e-02 9.999153e-01 9.251597e+01 
9.023083e-01 4.310190e-01 7.893911e-03 5.678823e+01 -4.310860e-01 9.022364e-01 1.158840e-02 -2.844462e+00 -2.127352e-03 -1.385927e-02 9.999017e-01 9.288464e+01 
9.226016e-01 3.855727e-01 1.182839e-02 5.698826e+01 -3.857120e-01 9.225202e-01 1.351679e-02 -2.857067e+00 -5.700224e-03 -1.703297e-02 9.998387e-01 9.331883e+01 
9.380858e-01 3.460218e-01 1.624828e-02 5.716151e+01 -3.462954e-01 9.379314e-01 1.908333e-02 -2.869164e+00 -8.636525e-03 -2.352850e-02 9.996859e-01 9.376876e+01 
9.503495e-01 3.107861e-01 1.574348e-02 5.733250e+01 -3.110881e-01 9.500980e-01 2.319496e-02 -2.865609e+00 -7.749179e-03 -2.694093e-02 9.996070e-01 9.423103e+01 
9.601162e-01 2.791899e-01 1.516574e-02 5.745505e+01 -2.795008e-01 9.598128e-01 2.527359e-02 -2.860050e+00 -7.500140e-03 -2.850441e-02 9.995655e-01 9.464152e+01 
9.601162e-01 2.791899e-01 1.516574e-02 5.745505e+01 -2.795008e-01 9.598128e-01 2.527359e-02 -2.860050e+00 -7.500140e-03 -2.850441e-02 9.995655e-01 9.464152e+01 
9.702290e-01 2.418603e-01 1.262242e-02 5.772659e+01 -2.420517e-01 9.701169e-01 1.686039e-02 -2.865061e+00 -8.167365e-03 -1.941372e-02 9.997782e-01 9.561796e+01 
9.702290e-01 2.418603e-01 1.262242e-02 5.772659e+01 -2.420517e-01 9.701169e-01 1.686039e-02 -2.865061e+00 -8.167365e-03 -1.941372e-02 9.997782e-01 9.561796e+01 
9.703167e-01 2.415010e-01 1.275513e-02 5.767162e+01 -2.417020e-01 9.701889e-01 1.771148e-02 -2.863636e+00 -8.097543e-03 -2.026868e-02 9.997618e-01 9.548457e+01 
9.769147e-01 2.131187e-01 1.476956e-02 5.802180e+01 -2.135151e-01 9.763193e-01 3.481236e-02 -2.860195e+00 -7.000637e-03 -3.716223e-02 9.992847e-01 9.697705e+01 
9.769147e-01 2.131187e-01 1.476956e-02 5.802180e+01 -2.135151e-01 9.763193e-01 3.481236e-02 -2.860195e+00 -7.000637e-03 -3.716223e-02 9.992847e-01 9.697705e+01 
9.769147e-01 2.131187e-01 1.476956e-02 5.802180e+01 -2.135151e-01 9.763193e-01 3.481236e-02 -2.860195e+00 -7.000637e-03 -3.716223e-02 9.992847e-01 9.697705e+01 
9.769362e-01 2.130401e-01 1.447960e-02 5.802973e+01 -2.134216e-01 9.763612e-01 3.420599e-02 -2.859038e+00 -6.850076e-03 -3.650733e-02 9.993099e-01 9.704387e+01 
9.763386e-01 2.162472e-01 -3.663172e-04 5.850216e+01 -2.160715e-01 9.756107e-01 3.868871e-02 -2.869238e+00 8.723708e-03 -3.769413e-02 9.992512e-01 9.923940e+01 
9.763386e-01 2.162472e-01 -3.663172e-04 5.850216e+01 -2.160715e-01 9.756107e-01 3.868871e-02 -2.869238e+00 8.723708e-03 -3.769413e-02 9.992512e-01 9.923940e+01 
9.763386e-01 2.162472e-01 -3.663172e-04 5.850216e+01 -2.160715e-01 9.756107e-01 3.868871e-02 -2.869238e+00 8.723708e-03 -3.769413e-02 9.992512e-01 9.923940e+01 
9.763558e-01 2.161684e-01 -7.634405e-04 5.847829e+01 -2.159798e-01 9.756399e-01 3.846392e-02 -2.866426e+00 9.059527e-03 -3.738958e-02 9.992597e-01 9.919105e+01 
9.720010e-01 2.349104e-01 5.575050e-03 5.900855e+01 -2.349281e-01 9.710459e-01 4.334377e-02 -2.906036e+00 4.768273e-03 -4.343993e-02 9.990447e-01 1.015472e+02 
9.720010e-01 2.349104e-01 5.575050e-03 5.900855e+01 -2.349281e-01 9.710459e-01 4.334377e-02 -2.906036e+00 4.768273e-03 -4.343993e-02 9.990447e-01 1.015472e+02 
9.720010e-01 2.349104e-01 5.575050e-03 5.900855e+01 -2.349281e-01 9.710459e-01 4.334377e-02 -2.906036e+00 4.768273e-03 -4.343993e-02 9.990447e-01 1.015472e+02 
9.719445e-01 2.351436e-01 5.611185e-03 5.899041e+01 -2.351619e-01 9.709822e-01 4.350122e-02 -2.903764e+00 4.780671e-03 -4.360031e-02 9.990376e-01 1.015534e+02 
9.693194e-01 2.455991e-01 1.005288e-02 5.961335e+01 -2.457894e-01 9.689049e-01 2.847556e-02 -2.929620e+00 -2.746718e-03 -3.007280e-02 9.995439e-01 1.040866e+02 
9.693194e-01 2.455991e-01 1.005288e-02 5.961335e+01 -2.457894e-01 9.689049e-01 2.847556e-02 -2.929620e+00 -2.746718e-03 -3.007280e-02 9.995439e-01 1.040866e+02 
9.693194e-01 2.455991e-01 1.005288e-02 5.961335e+01 -2.457894e-01 9.689049e-01 2.847556e-02 -2.929620e+00 -2.746718e-03 -3.007280e-02 9.995439e-01 1.040866e+02 
9.693895e-01 2.453272e-01 9.926992e-03 5.961313e+01 -2.455116e-01 9.689990e-01 2.765886e-02 -2.933871e+00 -2.833776e-03 -2.924940e-02 9.995681e-01 1.040685e+02 
9.709369e-01 2.393168e-01 -2.998960e-03 6.029052e+01 -2.391125e-01 9.704964e-01 3.101527e-02 -2.943908e+00 1.033295e-02 -2.939678e-02 9.995144e-01 1.067657e+02 
9.709369e-01 2.393168e-01 -2.998960e-03 6.029052e+01 -2.391125e-01 9.704964e-01 3.101527e-02 -2.943908e+00 1.033295e-02 -2.939678e-02 9.995144e-01 1.067657e+02 
9.709369e-01 2.393168e-01 -2.998960e-03 6.029052e+01 -2.391125e-01 9.704964e-01 3.101527e-02 -2.943908e+00 1.033295e-02 -2.939678e-02 9.995144e-01 1.067657e+02 
9.708069e-01 2.398425e-01 -3.101360e-03 6.028208e+01 -2.396327e-01 9.703617e-01 3.121444e-02 -2.944866e+00 1.049599e-02 -2.956001e-02 9.995079e-01 1.067983e+02 
9.726757e-01 2.320703e-01 6.731220e-03 6.097322e+01 -2.321583e-01 9.719629e-01 3.729020e-02 -2.989537e+00 2.111452e-03 -3.783398e-02 9.992818e-01 1.097087e+02 
9.726757e-01 2.320703e-01 6.731220e-03 6.097322e+01 -2.321583e-01 9.719629e-01 3.729020e-02 -2.989537e+00 2.111452e-03 -3.783398e-02 9.992818e-01 1.097087e+02 
9.726757e-01 2.320703e-01 6.731220e-03 6.097322e+01 -2.321583e-01 9.719629e-01 3.729020e-02 -2.989537e+00 2.111452e-03 -3.783398e-02 9.992818e-01 1.097087e+02 
9.726921e-01 2.319988e-01 6.825747e-03 6.095737e+01 -2.320904e-01 9.719796e-01 3.727932e-02 -2.993946e+00 2.014270e-03 -3.784549e-02 9.992816e-01 1.096465e+02 
9.761474e-01 2.171089e-01 7.414256e-05 6.165989e+01 -2.170080e-01 9.756832e-01 3.081873e-02 -3.029828e+00 6.618681e-03 -3.009972e-02 9.995250e-01 1.127100e+02 
9.761474e-01 2.171089e-01 7.414256e-05 6.165989e+01 -2.170080e-01 9.756832e-01 3.081873e-02 -3.029828e+00 6.618681e-03 -3.009972e-02 9.995250e-01 1.127100e+02 
9.761474e-01 2.171089e-01 7.414256e-05 6.165989e+01 -2.170080e-01 9.756832e-01 3.081873e-02 -3.029828e+00 6.618681e-03 -3.009972e-02 9.995250e-01 1.127100e+02 
9.762183e-01 2.167899e-01 -3.284118e-05 6.164665e+01 -2.166883e-01 9.757652e-01 3.046999e-02 -3.026194e+00 6.637632e-03 -2.973825e-02 9.995357e-01 1.126337e+02 
